size = 
5 4 3 2 4 
fitness = 
311.7394994598611
layer nr. 1
1.21330849  0.00000000  0.00000000  0.00000000  
0.00000000  0.90620971  0.00000000  -0.31836589  
-0.57745150  -1.54220729  -0.88569118  0.00000000  
0.00000000  1.60517329  0.51509315  0.00000000  
0.59070034  0.00000000  0.00000000  0.00000000  
0.08852059  0.00000000  -1.53388612  0.00000000  
layer nr. 2
0.00000000  -0.04309649  0.00000000  
0.00000000  0.00000000  0.00000000  
0.00000000  1.67498307  0.00000000  
0.00000000  -0.06232313  0.00000000  
-0.21074094  -1.93055493  0.00000000  
-1.10883350  -0.29556403  0.00000000  
0.00000000  0.00000000  0.96176639  
0.00000000  0.00000000  0.00000000  
-0.27956213  -1.28370606  0.00000000  
0.00000000  0.00000000  0.00000000  
layer nr. 3
0.32830819  0.00000000  
0.58451397  0.00000000  
0.00000000  0.00000000  
0.00000000  0.00000000  
0.00000000  0.00000000  
0.00000000  0.00000000  
0.00000000  0.00000000  
0.81284928  0.00000000  
0.44072953  0.00000000  
0.00000000  -0.25111845  
0.00000000  0.00000000  
0.24377681  0.00000000  
0.00000000  0.00000000  
layer nr. 4
0.00000000  -0.15649757  0.00000000  0.00000000  
-2.73791226  0.00000000  0.30180997  1.03700184  
-0.47352502  0.00000000  0.00000000  -0.30121379  
0.00000000  0.00000000  0.00000000  -0.01753253  
0.62173991  -0.81034161  0.00000000  0.00000000  
0.15177608  -1.30801291  0.00000000  0.20509177  
-0.93129969  -0.98677635  0.00000000  -0.45348172  
0.05399712  0.00000000  0.00000000  -0.51930753  
-0.52615912  0.00000000  -0.01491234  0.00000000  
0.00000000  0.00000000  -0.11809155  0.00000000  
-0.54558732  -0.50250148  0.15565894  -0.30017465  
1.31093203  0.00000000  0.00000000  0.17283783  
0.47709217  0.00000000  0.00000000  0.00000000  
0.00000000  0.52287576  1.10856501  0.00000000  
0.00000000  0.00000000  0.00000000  0.00000000  
