0 0.0
1 144.67154284634353
2 144.67154284634353
3 148.1386608522415
4 148.1386608522415
5 148.1386608522415
6 148.15797253286627
7 151.62843475280295
8 152.09982406326873
9 152.5173474074728
10 152.89274461389752
11 154.84535093890838
12 154.98404041121518
13 155.22702302372107
14 155.51804607582176
15 155.85492675943092
16 156.2453528406561
17 156.67703431289638
18 158.3860481189547
19 158.3860481189547
20 167.1583305881045
21 167.1583305881045
22 167.1583305881045
23 167.1583305881045
24 167.1583305881045
25 167.1583305881045
26 167.2825954841628
27 167.8179625645364
28 168.2610906096033
29 168.653520432969
30 168.89395988859593
31 168.94374556316677
32 168.94374556316677
33 172.28227488109965
34 172.28227488109965
35 172.84141569502037
36 173.941567328883
37 175.02991551776196
38 176.0515845210185
39 176.9564095966742
40 177.70217381162544
41 178.25686065934207
42 178.59978481591466
43 180.39162709982102
44 180.9622330251349
45 181.5929174850276
46 182.30108550040447
47 183.071408530468
48 183.88924554277378
49 184.74449672348567
50 185.60800773614454
51 186.44649604759357
52 187.23213960276217
53 187.99207450364
54 188.7429657090304
55 189.47922951127606
56 190.19359203097233
57 190.89686909079754
58 191.58171821274522
59 192.2540250008419
60 192.9204269207897
61 193.56571293264352
62 194.19648550303643
63 194.8120452528821
64 195.4199980001571
65 196.01155197762844
66 212.47442098796117
67 217.89188887743444
68 222.17958882642552
69 223.48143039071547
70 223.53660966845058
71 223.53660966845058
72 223.53660966845058
73 223.53660966845058
74 223.53660966845058
75 223.53660966845058
76 246.43914465727997
77 267.6154622607674
78 288.858008906842
79 308.5766279478457
80 311.7394994598611
81 311.7394994598611
82 311.7394994598611
83 311.7394994598611
84 311.7394994598611
85 311.7394994598611
86 311.7394994598611
87 311.7394994598611
88 311.7394994598611
89 311.7394994598611
90 311.7394994598611
91 311.7394994598611
92 311.7394994598611
93 311.7394994598611
94 311.7394994598611
95 311.7394994598611
96 311.7394994598611
97 311.7394994598611
98 311.7394994598611
99 311.7394994598611
100 311.7394994598611
