size = 
5 1 0 3 4 
fitness = 
726.9377521835466
layer nr. 1
0.00000000  
0.00000000  
0.00000000  
0.00000000  
0.00000000  
0.00000000  
layer nr. 2
no neurons 
layer nr. 3
0.00000000  0.00000000  0.00000000  
0.00000000  0.00000000  0.00000000  
-0.40060159  0.00000000  0.00000000  
0.00000000  0.00000000  0.00000000  
0.23101335  0.55297333  0.00000000  
0.41947124  0.00000000  0.00000000  
0.00000000  -0.39780500  0.00000000  
layer nr. 4
0.00000000  0.00000000  0.28946050  0.57983749  
-1.68434707  0.00000000  0.38672613  1.04202825  
-0.76941313  0.00000000  0.00000000  0.38735071  
0.00000000  0.00000000  0.00000000  -1.32514387  
0.00000000  0.00000000  -0.43386147  -0.13115223  
0.90912557  -0.96755052  -0.60158612  0.95187078  
0.00000000  -0.60373240  0.00000000  0.00000000  
-0.04575666  0.00000000  -0.01577104  0.00000000  
-1.09171466  0.00000000  0.00000000  0.00000000  
0.00000000  0.00905277  0.00000000  0.00000000  
