0 0.0
1 134.42005682096726
2 134.42005682096726
3 134.42005682096726
4 134.42005682096726
5 134.42005682096726
6 134.42005682096726
7 147.5564291764033
8 147.5564291764033
9 147.5564291764033
10 147.5564291764033
11 147.5564291764033
12 147.5564291764033
13 152.08461821269987
14 152.08461821269987
15 152.08461821269987
16 152.08461821269987
17 152.08461821269987
18 152.08461821269987
19 152.08461821269987
20 152.08461821269987
21 152.08461821269987
22 152.08461821269987
23 152.08461821269987
24 152.08461821269987
25 152.08461821269987
26 154.0011688345776
27 154.0011688345776
28 154.0011688345776
29 154.0011688345776
30 154.0011688345776
31 157.2390966966965
32 157.2390966966965
33 157.2390966966965
34 157.2390966966965
35 157.2390966966965
36 157.2390966966965
37 256.61861940977263
38 256.61861940977263
39 256.61861940977263
40 268.2707277809296
41 351.585530347906
42 351.585530347906
43 351.585530347906
44 351.585530347906
45 351.585530347906
46 351.585530347906
47 351.585530347906
48 351.585530347906
49 351.585530347906
50 351.585530347906
51 351.585530347906
52 351.585530347906
53 351.585530347906
54 351.585530347906
55 351.585530347906
56 351.585530347906
57 351.585530347906
58 351.585530347906
59 351.585530347906
60 351.585530347906
61 351.585530347906
62 351.585530347906
63 351.585530347906
64 351.585530347906
65 356.81225543429855
66 356.81225543429855
67 356.81225543429855
68 356.81225543429855
69 356.81225543429855
70 368.603012078026
71 368.603012078026
72 368.7314903337966
73 368.7314903337966
74 368.7314903337966
75 384.2785317784736
76 391.09924500254374
77 391.09924500254374
78 419.3695787687567
79 419.3695787687567
80 419.3695787687567
81 419.3695787687567
82 421.56436050591356
83 421.56436050591356
84 421.56436050591356
85 431.54481631467496
86 448.03144946934816
87 448.03144946934816
88 448.03144946934816
89 448.03144946934816
90 448.03144946934816
91 448.03144946934816
92 448.03144946934816
93 448.03144946934816
94 448.03144946934816
95 448.03144946934816
96 448.03144946934816
97 448.03144946934816
98 467.78159959806976
99 467.78159959806976
100 467.78159959806976
101 467.78159959806976
102 467.78159959806976
103 467.78159959806976
104 467.78159959806976
105 467.78159959806976
106 467.78159959806976
107 467.78159959806976
108 467.78159959806976
109 467.78159959806976
110 467.78159959806976
111 467.78159959806976
112 467.78159959806976
113 467.78159959806976
114 467.78159959806976
115 467.78159959806976
116 467.78159959806976
117 467.78159959806976
118 467.78159959806976
119 467.78159959806976
120 467.78159959806976
121 467.78159959806976
122 467.78159959806976
123 467.78159959806976
124 467.78159959806976
125 467.78159959806976
126 467.78159959806976
127 467.78159959806976
128 467.78159959806976
129 467.78159959806976
130 467.78159959806976
131 467.78159959806976
132 467.78159959806976
133 467.78159959806976
134 467.78159959806976
135 467.78159959806976
136 467.78159959806976
137 467.78159959806976
138 467.78159959806976
139 467.78159959806976
140 468.42134717644467
141 468.42134717644467
142 468.6520317295626
143 468.6520317295626
144 468.6520317295626
145 468.6520317295626
146 468.6520317295626
147 468.6520317295626
148 468.6520317295626
149 468.6520317295626
150 468.6520317295626
151 468.6520317295626
152 468.6520317295626
153 468.6520317295626
154 468.6520317295626
155 468.6520317295626
156 468.6520317295626
157 468.6520317295626
158 468.6520317295626
159 468.6520317295626
160 468.6520317295626
161 468.6520317295626
162 468.6520317295626
163 468.6520317295626
164 471.81484985585354
165 471.81484985585354
166 471.81484985585354
167 471.81484985585354
168 471.81484985585354
169 471.81484985585354
170 471.81484985585354
171 471.81484985585354
172 471.81484985585354
173 471.81484985585354
174 475.3264509513201
175 475.3264509513201
176 475.3264509513201
177 475.3264509513201
178 475.3264509513201
179 475.3264509513201
180 475.3264509513201
181 475.3264509513201
182 475.3264509513201
183 475.3264509513201
184 475.3264509513201
185 475.3264509513201
186 475.3264509513201
187 475.3264509513201
188 475.3264509513201
189 475.3264509513201
190 475.3264509513201
191 475.3264509513201
192 475.3264509513201
193 475.3264509513201
194 475.3264509513201
195 475.3264509513201
196 475.3264509513201
197 475.3264509513201
198 475.3264509513201
199 475.3264509513201
