size = 
5 1 4 4 4 
fitness = 
395.93619191211354
layer nr. 1
0.00000000  
0.00000000  
0.00000000  
0.00000000  
-0.26066872  
0.00000000  
layer nr. 2
0.00000000  -0.54336125  0.00000000  0.00000000  
0.00000000  0.00000000  0.00000000  0.00000000  
0.00000000  -0.34852560  0.00000000  0.00000000  
0.00000000  -0.59179500  0.00000000  0.00000000  
-0.11636803  0.00000000  0.00000000  0.00000000  
0.00000000  0.00000000  0.00000000  0.00000000  
0.00000000  0.35934633  0.00000000  0.03380303  
layer nr. 3
-0.25134479  -0.13708678  -0.48069929  0.00000000  
0.00000000  0.00000000  0.00000000  0.00000000  
0.61528350  0.00000000  0.00000000  0.00000000  
-0.47554352  0.00000000  -0.15940636  0.00000000  
0.00000000  -0.01419856  0.36499178  0.00000000  
-0.01496674  0.00000000  0.00000000  0.00000000  
0.17209549  0.00000000  0.00000000  0.00000000  
0.06096842  -0.02104542  0.00000000  0.00000000  
-0.75859128  0.00000000  0.00000000  0.00000000  
0.00000000  0.00000000  0.00000000  0.00000000  
0.00000000  0.00000000  0.00000000  0.00000000  
layer nr. 4
0.00000000  0.71152854  0.00000000  0.00092909  
-0.47144547  0.00000000  0.00000000  0.64397398  
-0.79409104  0.34558866  0.00000000  0.00000000  
0.91608121  0.00000000  1.31650725  0.34460543  
-0.56409096  0.00000000  -0.39470890  0.21146045  
0.31175904  -0.74642420  -0.17844632  0.00000000  
0.00000000  0.00000000  -0.02963038  0.04881310  
-0.23638077  -0.02244927  0.00000000  -0.53876219  
0.27874127  0.00000000  0.00000000  -1.21461357  
0.00000000  0.00000000  0.00000000  0.00000000  
0.00000000  0.00000000  0.00000000  0.00000000  
0.20380349  0.00000000  0.00000000  -0.59131415  
-0.71477280  0.48482947  0.17009967  0.01472955  
0.00000000  0.00000000  0.00000000  0.00000000  
0.00000000  0.00000000  0.00000000  0.00000000  
