0 0.0
1 142.66434324240998
2 142.66434324240998
3 144.04538543611395
4 147.66757789445967
5 147.66757789445967
6 147.66757789445967
7 147.66757789445967
8 147.66757789445967
9 147.66757789445967
10 147.66757789445967
11 147.66757789445967
12 147.66757789445967
13 147.66757789445967
14 147.66757789445967
15 147.66757789445967
16 147.66757789445967
17 147.66757789445967
18 147.66757789445967
19 147.66757789445967
20 149.72834835078586
21 149.72834835078586
22 149.72834835078586
23 149.72834835078586
24 149.72834835078586
25 149.72834835078586
26 155.35323701873912
27 155.84541432193214
28 156.35482122419683
29 157.03046056739984
30 157.73006636668052
31 158.6166826715464
32 159.5234948566368
33 160.66557066992345
34 161.69801891906127
35 162.84353300449115
36 163.75625456941384
37 164.62989947933775
38 165.19585233379783
39 165.6078470459613
40 165.90722594655333
41 166.22242221395297
42 166.47638365878092
43 166.7406806120564
44 167.30570821268472
45 167.46973012367167
46 167.60791013934835
47 167.8772450802122
48 168.31865454873616
49 169.05898045702796
50 169.92398042624123
51 171.16966429677808
52 172.40598989401107
53 173.8741475323153
54 175.10790065627444
55 176.34803388292627
56 177.20638823785407
57 177.86146608045848
58 178.15514747012145
59 178.418256180644
60 178.62379451633947
61 179.02179673252868
62 179.75225698324817
63 180.20754808186945
64 180.54749817419972
65 180.89248586262968
66 180.95370970973585
67 181.0741083722345
68 181.11265903315436
69 181.12697179312246
70 181.24131039518588
71 181.67811695260127
72 182.15942055858062
73 182.89919287115865
74 183.23556619633607
75 183.23556619633607
76 183.23556619633607
77 183.23556619633607
78 183.23556619633607
79 183.23556619633607
80 183.23556619633607
81 183.3524978448707
82 183.3524978448707
83 183.3524978448707
84 184.80021193354605
85 185.95936596696694
86 193.11664973243717
87 193.85292088881332
88 194.51184391931966
89 195.2587147582909
90 195.91144175320383
91 196.66030346844457
92 197.30640305900852
93 198.04763948982819
94 198.70623088195126
95 199.79325025195112
96 200.49024534062548
97 201.26134351598955
98 201.9227285453824
99 202.68665604736955
100 203.330624938943
101 204.05420061280765
102 204.66772505415776
103 205.34693182009792
104 205.92696596060384
105 206.56942402485083
106 208.26738475429732
107 208.708178060643
108 209.03790740003797
109 209.40601920673708
110 209.73447023275602
111 210.1257870752449
112 210.48277274916308
113 210.88455188285877
114 211.1804721328984
115 211.45132978493706
116 211.59770184444312
117 211.70485991789465
118 211.75153529219654
119 211.78298812850622
120 211.8249199983155
121 211.83739517677802
122 211.83739517677802
123 211.83739517677802
124 211.83739517677802
125 211.9715869332443
126 212.19910421831045
127 212.67645609657345
128 213.0964770593169
129 213.4912153286266
130 213.77868542437574
131 214.0442567606228
132 214.21815043661053
133 214.33778816377335
134 214.35457768915924
135 214.35457768915924
136 214.35457768915924
137 214.35457768915924
138 215.00782374372955
139 216.76737542632551
140 218.44396128019534
141 220.7330218319094
142 223.01490284433697
143 225.7925989635464
144 228.489772698914
145 231.70302478412336
146 234.4817235654732
147 237.6398699860598
148 240.39498038096906
149 243.5296835922517
150 246.26704014274682
151 249.3884710452749
152 252.11806867307382
153 255.23569825279105
154 257.9627645711955
155 261.0783939815349
156 263.80448177566666
157 266.9198058693235
158 269.6472172625957
159 272.7658492514419
160 275.4995585824198
161 278.6316379729091
162 281.37676490511933
163 284.51627186028173
164 289.2904208458746
165 292.4188147795668
166 295.16070719689986
167 298.31016522141533
168 301.07312129412554
169 304.25146832571966
170 307.0263271816622
171 310.20988851835824
172 313.0087842113507
173 316.252331897338
174 319.12589966632714
175 322.4385708339479
176 325.3541766749092
177 328.6950687144252
178 331.62233202800564
179 334.97884674452354
180 337.934986539789
181 341.3319959876934
182 344.33536407857065
183 347.6777715502185
184 350.5872910989255
185 353.9907980496551
186 357.0546629973582
187 360.63952966657655
188 363.86646383345715
189 367.6470669276741
190 370.9804899911799
191 374.756431893076
192 377.9695001052292
193 381.43287663883115
194 384.2475691941805
195 387.15292944944196
196 389.50850421234077
197 391.8520248638025
198 393.62908644646654
199 395.93619191211354
