size = 
5 4 4 2 4 
fitness = 
868.0295419752832
layer nr. 1
0.00000000  -0.29471002  1.11096167  0.00000000  
-0.20012588  -2.41074509  1.29330446  0.00000000  
1.36467950  0.00000000  -0.12954088  0.00000000  
0.00000000  0.00000000  0.00000000  0.00000000  
2.64271005  0.00000000  0.00000000  0.00000000  
1.13715233  0.12298914  0.00000000  0.00000000  
layer nr. 2
-2.59140854  0.00000000  0.00000000  0.00000000  
-0.51243261  0.00000000  0.00000000  0.00000000  
0.64327143  0.00000000  -0.55459275  0.00000000  
0.00466246  -0.72320956  0.00000000  0.00000000  
0.00000000  0.00000000  0.00000000  0.00000000  
0.00000000  0.00000000  -1.04979275  0.00000000  
-0.92516937  -0.18350084  0.00000000  0.00000000  
0.00000000  -0.95967214  -1.08883370  0.23480209  
-1.06308743  0.00000000  0.28194874  0.00000000  
0.00000000  0.00000000  0.00000000  0.00000000  
layer nr. 3
3.73856301  0.00000000  
1.06399097  0.00000000  
0.00000000  0.00000000  
2.13415061  0.00000000  
0.00000000  0.00000000  
-0.65148038  -0.43580159  
0.00000000  0.00000000  
-0.24601546  0.00000000  
-0.81468791  -1.77279376  
0.00000000  0.00000000  
0.00000000  0.00000000  
0.00000000  -0.20258751  
0.00000000  0.00000000  
0.22339935  0.00000000  
layer nr. 4
-0.14182201  0.00000000  0.00000000  -0.45521050  
-4.45805019  2.57278291  -0.19841454  0.02806419  
-0.35107074  -0.07026730  -0.53150117  0.00000000  
0.00000000  0.00000000  0.70851923  -1.18037333  
-0.45598138  0.30345149  0.00000000  1.27473825  
0.50766967  -6.53003202  -2.07331995  0.00000000  
0.00000000  -0.18359758  0.31750969  0.00000000  
0.00000000  0.00000000  0.01956479  0.00000000  
0.00000000  2.44988258  0.00000000  0.00000000  
0.00000000  -0.48173467  0.00000000  0.00000000  
1.38544470  0.00000000  0.00000000  -0.15679152  
0.31218064  -0.82222479  0.00000000  0.38492706  
0.00000000  -0.03463693  0.00000000  0.00000000  
0.00000000  0.00000000  0.00000000  0.00000000  
0.00000000  0.00000000  2.39013167  -3.18270557  
0.00000000  0.76781677  0.00000000  2.36992741  
