5 0 0 1 4 
fitness = 
219.14583048539112
layer nr. 1
no neurons 


layer nr. 2
no neurons 


layer nr. 3
0.00000000  
-0.03069055  
1.42969402  
-2.01007876  
1.19627511  
0.16954883  


layer nr. 4
0.00000000  0.53281341  0.00000000  -0.11568221  
0.00000000  0.00000000  -1.01001223  -0.23917885  
0.00000000  1.07141401  0.00000000  -0.48236703  
0.00000000  0.00000000  0.31341310  0.00000000  
-0.92777216  -1.55457542  -0.22429380  -0.06751355  
0.00000000  -0.50016401  -0.98513491  0.00000000  
0.00000000  0.00000000  0.00000000  0.00000000  


