size = 
5 4 0 1 4 
fitness = 
1060.994591047578
layer nr. 1
-1.38460907  0.52161924  -0.01378571  0.00000000  
0.00000000  -0.40192559  0.00000000  0.00000000  
0.00000000  -1.25526035  0.00000000  0.00000000  
0.00000000  0.00000000  -0.62654226  0.00000000  
-0.10529632  -1.30305950  0.00000000  0.00000000  
0.00000000  -0.08408243  0.00000000  0.00000000  
layer nr. 2
no neurons 
layer nr. 3
0.00000000  
0.00000000  
0.00000000  
0.00000000  
0.00250529  
0.00000000  
0.00000000  
-0.02788992  
0.00000000  
0.00000000  
layer nr. 4
0.00000000  0.24388943  0.00000000  -0.68077212  
-0.53434192  -0.48746816  -2.33499159  0.00000000  
-0.15254391  1.23202599  0.00000000  3.62278844  
0.00000000  0.00000000  0.80652491  -1.42520124  
0.00000000  -0.95023170  0.95453433  0.05448972  
0.00000000  -0.85790464  0.00000000  0.00000000  
0.00000000  -0.85674250  0.00000000  0.00000000  
0.00000000  0.00000000  0.00000000  -1.35998367  
-0.30546614  0.00000000  0.00000000  0.00000000  
0.00000000  0.00000000  0.00000000  -0.01029362  
0.00000000  0.03473008  -0.06449573  0.00000000  
