size = 
5 3 2 2 4 
fitness = 
478.8071992070995
layer nr. 1
0.00000000  0.00000000  0.00000000  
0.00000000  0.00000000  0.00000000  
0.00000000  0.00000000  0.00000000  
0.00000000  0.05697844  0.00000000  
0.00000000  0.00000000  0.00000000  
0.00000000  0.00000000  0.00000000  
layer nr. 2
0.00000000  0.00000000  
0.00000000  0.31499172  
0.00000000  0.07571469  
0.00000000  0.00000000  
0.00000000  -0.32632856  
0.00000000  0.00000000  
0.41460465  0.07020763  
0.00000000  0.00000000  
0.00000000  0.00000000  
layer nr. 3
-0.04792581  0.00000000  
0.00000000  0.00000000  
0.86154670  0.00000000  
0.00000000  0.00000000  
0.47417721  0.00000000  
0.00000000  0.00000000  
0.00000000  0.00000000  
0.00000000  0.00000000  
0.00000000  0.00000000  
0.00000000  0.00000000  
0.14610782  0.00000000  
layer nr. 4
1.17971562  -0.24379896  0.00000000  -1.63471730  
-1.46385507  0.00000000  0.00000000  -0.48383815  
-0.74227425  0.00000000  0.00000000  0.00648938  
-0.50146546  -0.13625601  0.00000000  0.00000000  
1.72996247  0.00000000  0.00000000  -0.04408340  
1.44846696  2.25962075  0.00000000  0.00000000  
0.00000000  0.08327181  0.32399861  0.00000000  
0.00000000  0.00000000  0.00000000  0.00000000  
0.00000000  0.00000000  0.00000000  0.00000000  
0.00000000  0.00000000  0.00000000  0.00000000  
0.00000000  0.00000000  0.00000000  0.07635519  
0.00000000  0.00000000  0.00000000  0.00000000  
0.00000000  0.10227023  0.00000000  0.00000000  
