size = 
5 1 2 5 4 
fitness = 
478.2587184323832
layer nr. 1
0.00000000  
-0.71947795  
0.00000000  
0.86284574  
-0.44809331  
0.71547901  
layer nr. 2
0.00000000  0.00000000  
0.00000000  0.00000000  
0.00000000  0.00000000  
0.00000000  0.00000000  
0.00000000  -0.23124590  
0.00000000  0.00000000  
0.00000000  0.00000000  
layer nr. 3
-0.46258208  0.00000000  0.00000000  0.00000000  0.00000000  
0.11445924  0.00000000  0.00000000  0.00000000  0.00000000  
0.00000000  0.00000000  -0.06989280  0.25387612  0.00000000  
0.00000000  0.00000000  0.00000000  0.00000000  0.00000000  
0.91313033  -0.75385726  0.14011434  0.00000000  0.00000000  
-0.30920170  0.00000000  0.00000000  0.00000000  0.00000000  
0.00000000  0.74522251  0.00000000  -0.14249868  0.53558071  
0.00000000  0.11845550  0.00000000  0.00000000  -0.03532702  
0.05416813  -0.01457893  0.00000000  0.00167182  -0.48433083  
layer nr. 4
-0.29018594  0.00000000  0.00000000  0.00000000  
-0.05792973  0.34143297  -0.30125679  1.04719179  
0.00000000  0.00000000  0.80602776  -0.22883572  
-0.40180131  0.00000000  0.00000000  0.00000000  
0.40130011  0.00000000  -0.56624952  0.00000000  
0.00000000  -0.50691660  0.00000000  0.00000000  
-1.11475462  0.00000000  0.00000000  0.00000000  
0.00000000  0.00000000  0.00000000  0.00000000  
0.00000000  0.00000000  0.00000000  0.05434289  
0.00000000  -0.05348373  -0.24219165  0.46699059  
-0.06552753  -0.60343897  0.00000000  0.00000000  
0.00000000  0.00000000  0.42267599  0.00000000  
0.00000000  0.00000000  0.73483876  0.00000000  
0.00000000  0.92017830  0.00000000  0.43063703  
