0 0.0
1 120.10073505291506
2 135.75151722086358
3 138.32379464452532
4 138.32379464452532
5 138.32379464452532
6 146.90717368560954
7 146.90717368560954
8 146.90717368560954
9 146.90717368560954
10 159.29590542569383
11 159.29590542569383
12 159.29590542569383
13 159.29590542569383
14 159.29590542569383
15 159.29590542569383
16 159.29590542569383
17 159.29590542569383
18 159.29590542569383
19 276.7094075353393
20 276.7094075353393
21 276.7094075353393
22 276.7094075353393
23 276.7094075353393
24 276.7094075353393
25 276.7094075353393
26 276.7094075353393
27 276.7094075353393
28 276.7094075353393
29 276.7094075353393
30 276.7094075353393
31 276.7094075353393
32 276.7094075353393
33 276.7094075353393
34 276.7094075353393
35 276.7094075353393
36 278.29340800365685
37 278.29340800365685
38 281.2248299285865
39 281.2248299285865
40 281.2248299285865
41 281.2248299285865
42 281.2248299285865
43 281.2248299285865
44 281.2248299285865
45 281.2248299285865
46 312.31785868130527
47 312.31785868130527
48 312.31785868130527
49 312.31785868130527
50 312.31785868130527
51 312.31785868130527
52 312.31785868130527
53 312.31785868130527
54 312.31785868130527
55 312.31785868130527
56 312.31785868130527
57 312.31785868130527
58 312.31785868130527
59 312.31785868130527
60 312.31785868130527
61 312.31785868130527
62 312.31785868130527
63 312.31785868130527
64 312.31785868130527
65 312.31785868130527
66 402.1146685910237
67 402.1146685910237
68 402.1146685910237
69 402.1146685910237
70 402.1146685910237
71 423.12793590637557
72 423.12793590637557
73 423.12793590637557
74 423.12793590637557
75 457.15621072944475
76 457.15621072944475
77 457.15621072944475
78 457.15621072944475
79 457.15621072944475
80 457.15621072944475
81 469.191039255123
82 469.191039255123
83 469.191039255123
84 469.191039255123
85 469.191039255123
86 469.191039255123
87 469.191039255123
88 469.191039255123
89 469.450396198735
90 469.450396198735
91 492.91264032090396
92 492.91264032090396
93 492.91264032090396
94 492.91264032090396
95 494.1765363978568
96 494.1765363978568
97 494.1765363978568
98 494.1765363978568
99 494.1765363978568
100 494.1765363978568
101 494.1765363978568
102 494.1765363978568
103 494.1765363978568
104 494.1765363978568
105 494.1765363978568
106 494.1765363978568
107 503.093197521393
108 503.093197521393
109 503.093197521393
110 503.093197521393
111 503.093197521393
112 503.093197521393
113 511.3636880903405
114 511.3636880903405
115 511.3636880903405
116 526.4173926019104
117 526.4173926019104
118 526.4173926019104
119 526.4173926019104
120 526.4173926019104
121 526.4173926019104
122 526.4173926019104
123 526.4173926019104
124 526.4173926019104
125 526.4173926019104
126 526.4173926019104
127 526.4173926019104
128 526.4173926019104
129 526.4173926019104
130 586.5629798370164
131 586.5629798370164
132 586.5629798370164
133 586.5629798370164
134 586.5629798370164
135 586.5629798370164
136 586.5629798370164
137 586.5629798370164
138 586.5629798370164
139 586.5629798370164
140 595.0861184829463
141 595.0861184829463
142 595.0861184829463
143 595.0861184829463
144 595.0861184829463
145 595.0861184829463
146 595.0861184829463
147 595.0861184829463
148 595.0861184829463
149 595.0861184829463
150 595.0861184829463
151 726.9377521835466
152 726.9377521835466
153 726.9377521835466
154 726.9377521835466
155 726.9377521835466
156 726.9377521835466
157 726.9377521835466
158 726.9377521835466
159 726.9377521835466
160 726.9377521835466
161 726.9377521835466
162 726.9377521835466
163 726.9377521835466
164 726.9377521835466
165 726.9377521835466
166 726.9377521835466
167 726.9377521835466
168 726.9377521835466
169 726.9377521835466
170 726.9377521835466
171 726.9377521835466
172 726.9377521835466
173 726.9377521835466
174 726.9377521835466
175 726.9377521835466
176 726.9377521835466
177 726.9377521835466
178 726.9377521835466
179 726.9377521835466
180 726.9377521835466
181 726.9377521835466
182 726.9377521835466
183 726.9377521835466
184 726.9377521835466
185 726.9377521835466
186 726.9377521835466
187 726.9377521835466
188 726.9377521835466
189 726.9377521835466
190 726.9377521835466
191 726.9377521835466
192 726.9377521835466
193 726.9377521835466
194 726.9377521835466
195 726.9377521835466
196 726.9377521835466
197 726.9377521835466
198 726.9377521835466
199 726.9377521835466
