0 0.0
1 147.23004185687756
2 147.7717706325895
3 147.7717706325895
4 147.7717706325895
5 147.7717706325895
6 147.7717706325895
7 147.7717706325895
8 147.7717706325895
9 147.7717706325895
10 147.7717706325895
11 147.7717706325895
12 147.7717706325895
13 147.7717706325895
14 147.7717706325895
15 179.7285630163637
16 179.7285630163637
17 179.7285630163637
18 179.7285630163637
19 179.7285630163637
20 179.7285630163637
21 299.2645446339882
22 299.2645446339882
23 299.2645446339882
24 299.2645446339882
25 299.2645446339882
26 299.2645446339882
27 299.2645446339882
28 299.2645446339882
29 299.2645446339882
30 299.2645446339882
31 299.2645446339882
32 299.2645446339882
33 299.2645446339882
34 299.2645446339882
35 299.2645446339882
36 299.2645446339882
37 299.2645446339882
38 299.2645446339882
39 299.2645446339882
40 299.2645446339882
41 299.2645446339882
42 299.2645446339882
43 299.2645446339882
44 299.2645446339882
45 299.2645446339882
46 299.2645446339882
47 299.2645446339882
48 299.2645446339882
49 299.2645446339882
50 299.2645446339882
51 299.2645446339882
52 299.2645446339882
53 299.2645446339882
54 299.2645446339882
55 300.72652041602004
56 300.72652041602004
57 300.72652041602004
58 308.84395963702957
59 308.84395963702957
60 308.84395963702957
61 308.84395963702957
62 308.84395963702957
63 308.84395963702957
64 308.84395963702957
65 308.84395963702957
66 308.84395963702957
67 308.84395963702957
68 308.84395963702957
69 308.84395963702957
70 308.84395963702957
71 308.84395963702957
72 308.84395963702957
73 308.84395963702957
74 308.84395963702957
75 308.84395963702957
76 308.84395963702957
77 308.84395963702957
78 308.84395963702957
79 308.84395963702957
80 308.84395963702957
81 311.2002680421968
82 311.2002680421968
83 311.2002680421968
84 311.2002680421968
85 311.2002680421968
86 311.2002680421968
87 311.2002680421968
88 311.2002680421968
89 311.2002680421968
90 311.2002680421968
91 371.7706666710357
92 371.7706666710357
93 371.7706666710357
94 418.5733414929688
95 418.5733414929688
96 418.5733414929688
97 418.5733414929688
98 418.5733414929688
99 423.27761900823504
100 423.27761900823504
101 423.27761900823504
102 423.27761900823504
103 423.27761900823504
104 423.27761900823504
105 423.27761900823504
106 451.97804035142644
107 451.97804035142644
108 451.97804035142644
109 451.97804035142644
110 473.3611437441281
111 473.3611437441281
112 473.3611437441281
113 473.3611437441281
114 473.3611437441281
115 473.3611437441281
116 473.3611437441281
117 473.3611437441281
118 473.3611437441281
119 473.3611437441281
120 473.3611437441281
121 473.3611437441281
122 473.3611437441281
123 473.3611437441281
124 473.3611437441281
125 473.3611437441281
126 473.3611437441281
127 473.3611437441281
128 473.3611437441281
129 473.3611437441281
130 477.93764065269073
131 477.93764065269073
132 477.93764065269073
133 477.93764065269073
134 477.93764065269073
135 477.93764065269073
136 477.93764065269073
137 477.93764065269073
138 477.93764065269073
139 477.93764065269073
140 477.93764065269073
141 477.93764065269073
142 478.7966104946894
143 478.7966104946894
144 478.7966104946894
145 478.7966104946894
146 478.7966104946894
147 478.7966104946894
148 478.7966104946894
149 478.7966104946894
150 478.7966104946894
151 478.7966104946894
152 478.7966104946894
153 478.7966104946894
154 478.7966104946894
155 478.7966104946894
156 478.7966104946894
157 478.7966104946894
158 478.7966104946894
159 478.7966104946894
160 478.7966104946894
161 478.7966104946894
162 478.7966104946894
163 478.7966104946894
164 478.7966104946894
165 478.7966104946894
166 478.7966104946894
167 478.7966104946894
168 478.7966104946894
169 478.7966104946894
170 478.7966104946894
171 478.7966104946894
172 478.7966104946894
173 478.7966104946894
174 478.7966104946894
175 478.7966104946894
176 478.7966104946894
177 478.7966104946894
178 478.7966104946894
179 478.7966104946894
180 478.7966104946894
181 478.7966104946894
182 478.7966104946894
183 478.7966104946894
184 478.7966104946894
185 478.7966104946894
186 478.7966104946894
187 478.7966104946894
188 478.8024705864651
189 478.8024705864651
190 478.8024705864651
191 478.8024705864651
192 478.8024705864651
193 478.8071992070995
194 478.8071992070995
195 478.8071992070995
196 478.8071992070995
197 478.8071992070995
198 478.8071992070995
199 478.8071992070995
