0 0.0
1 153.89251399253715
2 153.89251399253715
3 153.89251399253715
4 153.89251399253715
5 153.89251399253715
6 153.89251399253715
7 153.89251399253715
8 153.89251399253715
9 153.89251399253715
10 153.89251399253715
11 153.89251399253715
12 153.89251399253715
13 153.89251399253715
14 169.9695093153389
15 280.52438610176
16 280.52438610176
17 280.52438610176
18 280.52438610176
19 280.52438610176
20 280.52438610176
21 280.52438610176
22 280.52438610176
23 280.52438610176
24 280.52438610176
25 280.52438610176
26 280.52438610176
27 280.52438610176
28 280.52438610176
29 280.52438610176
30 280.52438610176
31 280.52438610176
32 280.8867405225014
33 280.8867405225014
34 280.8867405225014
35 280.8867405225014
36 280.8867405225014
37 280.8867405225014
38 280.8867405225014
39 280.8867405225014
40 282.8958279795223
41 282.8958279795223
42 283.26331167433773
43 283.26331167433773
44 283.26331167433773
45 285.756260099347
46 285.756260099347
47 285.756260099347
48 285.756260099347
49 287.6420168974545
50 304.66470304614086
51 304.66470304614086
52 304.66470304614086
53 304.66470304614086
54 304.66470304614086
55 304.66470304614086
56 304.66470304614086
57 304.66470304614086
58 304.66470304614086
59 304.66470304614086
60 304.66470304614086
61 304.66470304614086
62 304.66470304614086
63 304.66470304614086
64 428.1964161439412
65 428.1964161439412
66 428.1964161439412
67 428.1964161439412
68 428.1964161439412
69 428.1964161439412
70 428.1964161439412
71 428.1964161439412
72 428.1964161439412
73 428.1964161439412
74 428.1964161439412
75 428.1964161439412
76 428.1964161439412
77 428.1964161439412
78 428.1964161439412
79 428.1964161439412
80 428.1964161439412
81 428.1964161439412
82 428.1964161439412
83 428.1964161439412
84 428.1964161439412
85 428.1964161439412
86 428.1964161439412
87 428.1964161439412
88 428.1964161439412
89 428.1964161439412
90 428.1964161439412
91 429.83576771962635
92 429.83576771962635
93 429.83576771962635
94 429.83576771962635
95 429.83576771962635
96 429.83576771962635
97 470.60715843017624
98 471.43616386688035
99 471.43616386688035
100 471.43616386688035
101 471.43616386688035
102 471.43616386688035
103 471.43616386688035
104 471.43616386688035
105 471.43616386688035
106 471.43616386688035
107 471.43616386688035
108 471.43616386688035
109 471.43616386688035
110 471.43616386688035
111 471.43616386688035
112 471.43616386688035
113 471.43616386688035
114 471.43616386688035
115 471.43616386688035
116 471.43616386688035
117 471.43616386688035
118 471.43616386688035
119 471.43616386688035
120 471.43616386688035
121 471.43616386688035
122 473.57869324045157
123 473.57869324045157
124 473.57869324045157
125 473.57869324045157
126 473.57869324045157
127 473.57869324045157
128 473.57869324045157
129 473.57869324045157
130 473.57869324045157
131 473.57869324045157
132 473.57869324045157
133 473.57869324045157
134 473.57869324045157
135 473.57869324045157
136 473.57869324045157
137 473.57869324045157
138 473.57869324045157
139 473.57869324045157
140 473.57869324045157
141 473.57869324045157
142 473.57869324045157
143 473.57869324045157
144 473.57869324045157
145 473.57869324045157
146 473.57869324045157
147 473.57869324045157
148 473.57869324045157
149 473.57869324045157
150 473.57869324045157
151 473.57869324045157
152 473.57869324045157
153 473.57869324045157
154 473.57869324045157
155 473.57869324045157
156 473.57869324045157
157 473.57869324045157
158 473.57869324045157
159 473.57869324045157
160 473.57869324045157
161 473.57869324045157
162 473.57869324045157
163 473.57869324045157
164 473.57869324045157
165 473.57869324045157
166 473.57869324045157
167 473.57869324045157
168 473.57869324045157
169 473.57869324045157
170 473.57869324045157
171 473.57869324045157
172 473.57869324045157
173 473.57869324045157
174 473.57869324045157
175 473.57869324045157
176 473.57869324045157
177 478.2587184323832
178 478.2587184323832
179 478.2587184323832
180 478.2587184323832
181 478.2587184323832
182 478.2587184323832
183 478.2587184323832
184 478.2587184323832
185 478.2587184323832
186 478.2587184323832
187 478.2587184323832
188 478.2587184323832
189 478.2587184323832
190 478.2587184323832
191 478.2587184323832
192 478.2587184323832
193 478.2587184323832
194 478.2587184323832
195 478.2587184323832
196 478.2587184323832
197 478.2587184323832
198 478.2587184323832
199 478.2587184323832
