size = 
5 1 1 0 4 
fitness = 
124.05881222901765
layer nr. 1
0.23557762  
-0.22514921  
-0.52462195  
0.87907379  
0.67506737  
0.00000000  
layer nr. 2
0.00000000  
0.00000000  
0.08703165  
0.00000000  
0.00000000  
-0.58943858  
0.00000000  
layer nr. 3
no neurons 
layer nr. 4
0.00000000  0.00000000  1.61979398  -0.24002892  
-0.37960979  0.00000000  0.00000000  -0.10457236  
0.13419137  0.00000000  -0.00259668  -0.02341041  
0.23958964  0.00000000  1.38313584  0.84949278  
0.00000000  0.00000000  -0.95057390  0.00000000  
0.00000000  -0.06795970  0.00000000  0.00000000  
-0.24819781  0.88967542  0.04284275  -1.10016069  
0.00000000  0.00000000  0.00000000  0.00000000  
