0 0.0
1 147.66194200184592
2 147.66194200184592
3 147.66194200184592
4 147.66194200184592
5 147.66194200184592
6 147.66194200184592
7 147.66194200184592
8 147.66194200184592
9 147.66194200184592
10 147.66194200184592
11 147.66194200184592
12 147.66194200184592
13 147.66194200184592
14 147.66194200184592
15 147.66194200184592
16 147.66194200184592
17 147.66194200184592
18 147.66194200184592
19 147.66194200184592
20 147.66194200184592
21 147.66194200184592
22 147.66194200184592
