0 0.0
1 116.32265798396939
2 247.88885874817606
3 247.88885874817606
4 247.88885874817606
5 247.88885874817606
6 247.88885874817606
7 247.88885874817606
8 293.90518017499903
9 293.90518017499903
10 293.90518017499903
11 293.90518017499903
12 293.90518017499903
13 293.90518017499903
14 293.90518017499903
15 293.90518017499903
16 293.90518017499903
17 293.90518017499903
18 293.90518017499903
19 293.90518017499903
20 293.90518017499903
21 293.90518017499903
22 293.90518017499903
23 293.90518017499903
24 293.90518017499903
25 293.90518017499903
26 295.21662381264804
27 295.21662381264804
28 295.21662381264804
29 295.21662381264804
30 295.21662381264804
31 295.21662381264804
32 375.106888382187
33 375.106888382187
34 375.106888382187
35 375.106888382187
36 375.106888382187
37 375.106888382187
38 375.106888382187
39 375.106888382187
40 375.106888382187
41 375.106888382187
42 375.106888382187
43 375.106888382187
44 375.106888382187
45 377.80317193340755
46 377.80317193340755
47 377.80317193340755
48 377.80317193340755
49 377.80317193340755
50 377.80317193340755
51 377.80317193340755
52 378.41208046768617
53 378.41208046768617
54 378.41208046768617
55 378.41208046768617
56 379.57389460625586
57 379.57389460625586
58 379.57389460625586
59 379.57389460625586
60 379.57389460625586
61 379.57389460625586
62 379.57389460625586
63 379.57389460625586
64 379.57389460625586
65 379.57389460625586
66 379.57389460625586
67 379.57389460625586
68 379.57389460625586
69 379.57389460625586
70 379.57389460625586
71 379.57389460625586
72 379.57389460625586
73 379.57389460625586
74 379.57389460625586
75 379.57389460625586
76 379.57389460625586
77 380.0950685929416
78 380.0950685929416
79 391.1783333726012
80 391.1783333726012
81 391.1783333726012
82 391.1783333726012
83 391.1783333726012
84 391.1783333726012
85 391.1783333726012
86 391.1783333726012
87 391.1783333726012
88 391.1783333726012
89 391.1783333726012
90 391.1783333726012
91 391.1783333726012
92 391.1783333726012
93 391.1783333726012
94 391.1783333726012
95 391.1783333726012
96 391.1783333726012
97 391.1783333726012
98 391.1783333726012
99 391.1783333726012
100 391.1783333726012
101 391.1783333726012
102 391.1783333726012
103 391.1783333726012
104 391.1783333726012
105 391.1783333726012
106 391.1783333726012
107 391.1783333726012
108 391.1783333726012
109 391.1783333726012
110 391.1783333726012
111 391.1783333726012
112 391.1783333726012
113 391.1783333726012
114 391.1783333726012
115 391.1783333726012
116 391.1783333726012
117 391.1783333726012
118 392.42404639747673
119 392.42404639747673
120 392.42404639747673
121 392.42404639747673
122 392.42404639747673
123 392.42404639747673
124 392.42404639747673
125 392.42404639747673
126 392.42404639747673
127 392.42404639747673
128 392.42404639747673
129 392.42404639747673
130 392.42404639747673
131 392.42404639747673
132 392.42404639747673
133 392.42404639747673
134 392.42404639747673
135 392.42404639747673
136 392.42404639747673
137 392.42404639747673
138 392.42404639747673
139 392.42404639747673
140 392.42404639747673
141 392.42404639747673
142 392.42404639747673
143 392.42404639747673
144 392.42404639747673
145 392.42404639747673
146 392.42404639747673
147 392.42404639747673
148 392.42404639747673
149 392.42404639747673
150 392.42404639747673
151 392.42404639747673
152 392.42404639747673
153 392.42404639747673
154 392.42404639747673
155 392.42404639747673
156 392.8986221170093
157 392.8986221170093
158 392.8986221170093
159 392.8986221170093
160 392.8986221170093
161 392.8986221170093
162 392.8986221170093
163 392.8986221170093
164 392.8986221170093
165 392.8986221170093
166 392.8986221170093
167 392.8986221170093
168 392.8986221170093
169 392.8986221170093
170 392.8986221170093
171 392.8986221170093
172 392.8986221170093
173 392.8986221170093
174 392.8986221170093
175 392.8986221170093
176 392.8986221170093
177 392.8986221170093
178 392.8986221170093
179 392.8986221170093
180 392.8986221170093
181 392.8986221170093
182 392.8986221170093
183 392.8986221170093
184 392.8986221170093
185 392.8986221170093
186 392.8986221170093
187 392.8986221170093
188 392.8986221170093
189 392.8986221170093
190 392.8986221170093
191 392.8986221170093
192 392.8986221170093
193 392.8986221170093
194 392.8986221170093
195 392.8986221170093
196 392.8986221170093
197 392.8986221170093
198 392.8986221170093
199 392.8986221170093
