size = 
5 4 2 3 4 
fitness = 
476.4763554399494
layer nr. 1
-1.23947527  0.00000000  0.19829207  -0.13061242  
0.00000000  -0.10201118  1.37350384  0.12186150  
1.00505510  -0.40554254  1.78348834  0.00000000  
0.00000000  0.00000000  0.96389877  0.00000000  
-0.14671506  -0.75082385  0.20392851  0.00000000  
0.00000000  0.00000000  0.12162278  0.00000000  
layer nr. 2
0.00000000  0.00000000  
-0.11657177  0.00000000  
0.00000000  0.00000000  
-0.08780832  -0.04539699  
0.26524394  0.00000000  
-0.06703535  0.00000000  
0.00000000  -0.02875276  
0.00000000  0.25993737  
0.00000000  0.00000000  
-0.02253650  0.00000000  
layer nr. 3
0.00000000  1.49130721  0.00000000  
0.20827560  0.00000000  0.20560003  
0.00000000  0.58051124  0.00000000  
0.00000000  0.00000000  0.00000000  
0.02942429  2.29218599  0.00000000  
0.00000000  0.00000000  0.00000000  
-0.40156742  0.00000000  0.00000000  
-1.24675011  0.15849494  0.00000000  
0.00000000  -1.87922737  0.00000000  
0.00000000  0.00000000  0.00000000  
0.10723188  0.10399655  0.00000000  
0.00000000  -1.00025954  0.00000000  
layer nr. 4
-0.03022916  0.00000000  0.00000000  0.00000000  
0.00000000  0.00000000  -0.55839892  -0.48669471  
-2.85447833  0.14836598  0.00000000  4.28412690  
-0.11520434  -0.48112905  0.54055230  -2.59038049  
1.13388224  -0.65167000  0.00000000  0.59723071  
0.96225115  -0.71715737  0.00000000  0.20436662  
-1.11026514  0.58155051  -0.63822472  0.00000000  
-0.32135379  0.00000000  0.00000000  0.00000000  
0.00000000  0.00000000  0.00000000  0.00000000  
0.00000000  0.00000000  0.00000000  0.00000000  
0.54322856  0.00000000  0.08260639  0.00000000  
0.19670026  0.00000000  -0.17547472  0.00000000  
0.00000000  -0.13908162  0.63738364  -0.94367970  
0.00000000  -0.50887948  0.00000000  0.00000000  
-0.13824028  0.16618956  0.00000000  0.00000000  
