0 0.0
1 143.38310428880766
2 148.17812674798463
3 149.76712196095247
4 149.91293840217392
5 150.05437715494995
6 150.1995309979409
7 150.1995309979409
8 150.3403033347507
9 150.48479677601162
10 150.62490505952547
11 153.16059275280222
12 153.16059275280222
13 153.39720075883145
14 153.4744097844645
15 153.54583580845892
16 159.92044503049408
17 159.92044503049408
18 160.0552196346519
19 160.19164446318044
20 160.32956996189412
21 160.46884558020486
22 160.46884558020486
23 160.60931987783948
24 160.7508406299868
25 160.8932549310386
26 161.036409297094
27 161.036409297094
28 161.1801497674014
29 161.32432200491536
30 161.5781322497611
31 161.71456672007048
32 161.71456672007048
33 161.84971911827455
34 165.90774296623633
35 165.97642032405332
36 166.04054519515992
37 166.04054519515992
38 166.10002483819287
39 166.1547708847618
40 166.20469950888898
41 166.24973159735993
42 166.24973159735993
43 167.17068616784888
44 167.22566520183045
45 167.2759558529057
46 167.32147969692227
47 167.32147969692227
48 167.36216306185662
49 169.32516231203087
50 169.32516231203087
51 169.32516231203087
52 169.32516231203087
53 169.32516231203087
54 169.32516231203087
55 169.32516231203087
56 169.32516231203087
57 169.32516231203087
58 169.32516231203087
59 169.32516231203087
60 169.32516231203087
61 169.32516231203087
62 169.32516231203087
63 169.32516231203087
64 169.32516231203087
65 169.32516231203087
66 169.32516231203087
67 169.32516231203087
68 170.00883316978062
69 170.00883316978062
70 170.00883316978062
71 170.00883316978062
72 170.00883316978062
73 170.00883316978062
74 176.4542163022186
75 176.4542163022186
76 176.4542163022186
77 176.4542163022186
78 176.4542163022186
79 176.4542163022186
80 176.4542163022186
81 186.85661564485935
82 186.85661564485935
83 186.99501513046155
84 187.13181631242796
85 187.26686898419752
86 187.40002410697352
87 187.40002410697352
88 187.5311339214516
89 187.6600520616982
90 187.78663367131222
91 187.91073552199435
92 187.91073552199435
93 188.0322161346353
94 188.1509359030237
95 188.26675722026073
96 198.6358592447076
97 212.00208701605197
98 212.53780439407598
99 213.01800588557197
100 213.43838823971217
101 213.7942392999448
102 213.7942392999448
103 214.08039394635995
104 214.2911854911525
105 214.42039231397155
106 214.46117964852567
107 214.46117964852567
108 214.46117964852567
109 214.46117964852567
110 219.074754110411
111 220.6985699989267
112 220.6985699989267
113 222.69958825837745
114 225.09221494209345
115 227.88621175914275
116 231.0843497663911
117 231.0843497663911
118 234.67981771938673
119 238.65364757209417
120 242.62828595551565
121 246.60287558006698
122 246.60287558006698
123 250.57655932797576
124 254.5484832707567
125 258.5177996606742
126 302.50722091704876
127 302.50722091704876
128 302.8606916794762
129 303.21252315979433
130 303.56240410105744
131 303.91002303343424
132 303.91002303343424
133 304.2550682516509
134 304.59722779755396
135 304.93618944855183
136 305.2716407127156
137 305.2716407127156
138 305.6032688313435
139 305.93076078981704
140 306.2538033376063
141 306.5720830183087
142 306.5720830183087
143 316.2659051742679
144 317.97990997554825
145 319.6933673901507
146 321.40624300595823
147 321.40624300595823
148 323.53914903713996
149 325.680083278043
150 327.8295337548845
151 330.0599402973839
152 330.0599402973839
153 332.3000482638844
154 360.1266183774821
155 361.80895925091346
156 363.50286696189283
157 363.50286696189283
158 365.2023399485871
159 366.90176516388453
160 368.6027869328703
161 370.3038138017412
162 370.3038138017412
163 372.00481878742164
164 373.70577485350816
165 382.77029290051604
166 383.0987786679427
167 383.0987786679427
168 393.3408784552338
169 393.62815620179714
170 394.0151629141221
171 394.4917113470371
172 394.4917113470371
173 395.0489004594123
174 395.6789263561982
175 396.3749240745913
176 397.13083484383924
177 397.13083484383924
178 397.94129440237367
179 398.8015387496244
180 399.7073243635126
181 400.65486044970146
182 400.65486044970146
183 401.64075122518597
184 402.66194659430516
185 403.71569986467995
186 404.7995313863281
187 404.7995313863281
188 405.9111971894737
189 407.0486618536366
190 408.210074969168
191 409.28800059559336
192 409.28800059559336
193 410.3883734901558
194 411.39925388694076
195 412.31783662852257
196 413.14062089423027
197 413.14062089423027
198 413.8634384966343
199 414.48147246197937
200 414.9892696146333
201 415.3807506868983
202 415.3807506868983
203 417.8736417463317
204 418.1757193731395
205 418.4838599305702
206 418.79774516331156
207 422.89830463153527
208 423.04018594278193
209 423.18533312819585
210 423.3335812894473
211 423.48476360970926
212 423.48476360970926
213 423.6387114874419
214 423.79525466605384
215 423.95422135962787
216 424.11543837491104
217 424.11543837491104
218 424.2787312297802
219 424.44392426840454
220 424.6108407733389
221 424.7793030747843
222 424.7793030747843
223 424.949132657266
224 425.120150263981
225 425.2921759990746
226 425.4650294281111
227 425.4650294281111
228 425.63852967700626
229 425.9411569456642
230 426.91436471706794
231 427.7862220504912
232 427.7862220504912
233 428.49977275323886
234 429.0792908115781
235 429.52090274333824
236 429.82022628185564
237 429.82022628185564
238 429.9724546899645
239 430.48545402530715
240 431.34221958573227
241 432.2011635627135
242 432.2011635627135
243 433.06187855235964
244 434.0877735890525
245 435.2867261394119
246 444.7169387783207
247 444.7169387783207
248 445.0523231195133
249 445.2210783021626
250 445.3884553941734
251 445.55697708319303
252 445.55697708319303
253 445.7241002772542
254 446.27069030738437
255 448.10357680948766
256 458.58092771527777
257 458.58092771527777
258 458.74840473922546
259 458.9151257094427
260 459.08091499156416
261 459.2455974677018
262 459.2455974677018
263 459.4089986373242
264 459.57094471975546
265 459.7312627585421
266 459.9384925639525
267 459.9384925639525
268 460.43924348912446
269 460.77257563668536
270 460.93880196922
271 461.31639740867126
272 461.4358449299128
273 461.64987431855195
274 461.93183573688367
275 462.39589165601666
276 467.60229723686456
277 467.60229723686456
278 467.735567474353
279 467.86539816412187
280 467.9916368574287
281 468.1141335738499
282 468.1141335738499
283 468.2327409532058
284 468.34731441185846
285 468.457712303419
286 468.5637960838763
287 468.5637960838763
288 468.665430481133
289 468.7624836689044
290 468.8548274449087
291 468.9423374132409
292 468.9423374132409
293 469.0248931707929
294 469.10237849754265
295 469.1746815505005
296 469.24169506105943
297 469.24169506105943
298 469.3033165354546
299 469.35944845799753
300 469.4099984967014
301 469.4548797108723
302 469.4548797108723
303 469.49401076019177
304 469.52731611476946
305 469.5547262655958
306 469.5761779347748
307 469.5761779347748
308 469.59161428486914
309 469.60098512663944
310 469.60424712441204
311 469.60424712441204
312 469.60424712441204
313 469.60424712441204
314 469.6084625982804
315 469.70569245000087
316 469.7979400751576
317 469.7979400751576
318 469.88507873795777
319 469.96698591219524
320 470.04354348353985
321 470.11463795588816
322 470.11463795588816
323 470.40586359373447
324 470.47705009417876
325 470.54271275456153
326 470.6027482759014
327 470.6027482759014
328 470.657058572563
329 470.7055509891049
330 470.74813851924483
331 470.7847400264227
332 470.7847400264227
333 470.8152804653877
334 470.83969110418377
335 470.8579097458557
336 470.86988094914057
337 470.86988094914057
338 470.8755562473611
339 470.8755562473611
340 470.8755562473611
341 470.8755562473611
342 470.8755562473611
343 470.8755562473611
344 470.8755562473611
345 470.8755562473611
346 470.8755562473611
347 470.8755562473611
348 470.8755562473611
349 470.8755562473611
350 470.8755562473611
351 470.8755562473611
352 470.8755562473611
353 470.8755562473611
354 470.8755562473611
355 470.8755562473611
356 470.8755562473611
357 470.8755562473611
358 470.8755562473611
359 470.8755562473611
360 470.8755562473611
361 470.8755562473611
362 470.8755562473611
363 470.8755562473611
364 470.8755562473611
365 470.8755562473611
366 470.8755562473611
367 470.8755562473611
368 470.8755562473611
369 470.8755562473611
370 470.8755562473611
371 470.8755562473611
372 470.8755562473611
373 470.8755562473611
374 470.8755562473611
375 470.8755562473611
376 470.8755562473611
377 470.8755562473611
378 470.8755562473611
379 470.8755562473611
380 470.93171974880545
381 470.9905755677266
382 470.9905755677266
383 471.0438829918135
384 471.09155228967137
385 471.13349923776474
386 471.1696453306658
387 471.1696453306658
388 472.131096709572
389 472.131096709572
390 472.131096709572
391 472.2620234634088
392 472.2620234634088
393 472.26998608762443
394 472.2718087994747
395 472.2718087994747
396 472.2718087994747
397 472.2718087994747
398 472.2718087994747
399 472.2718087994747
400 472.2718087994747
401 472.2718087994747
402 472.2718087994747
403 472.2718087994747
404 472.2718087994747
405 472.2718087994747
406 472.2718087994747
407 472.2718087994747
408 472.2718087994747
409 472.2718087994747
410 472.2718087994747
411 472.2718087994747
412 472.2718087994747
413 472.2718087994747
414 472.2718087994747
415 472.2718087994747
416 472.2718087994747
417 472.2718087994747
418 472.2718087994747
419 472.2718087994747
420 472.2718087994747
421 472.2718087994747
422 472.2718087994747
423 472.2718087994747
424 472.2718087994747
425 472.2718087994747
426 472.2718087994747
427 472.2718087994747
428 472.2718087994747
429 472.2718087994747
430 472.2718087994747
431 472.2718087994747
432 472.9169036967151
433 472.9169036967151
434 472.9169036967151
435 472.9169036967151
436 473.30352897975007
437 473.30352897975007
438 473.30352897975007
439 473.30352897975007
440 473.30352897975007
441 473.30352897975007
442 473.30352897975007
443 473.30352897975007
444 473.30352897975007
445 473.30352897975007
446 473.30352897975007
447 473.30352897975007
448 473.30352897975007
449 473.30352897975007
450 473.30352897975007
451 473.30352897975007
452 473.30352897975007
453 473.39319318094243
454 473.39319318094243
455 473.39319318094243
456 473.39319318094243
457 473.39319318094243
458 476.80078919863666
459 476.80078919863666
460 476.80078919863666
461 476.80078919863666
462 476.80078919863666
463 476.80078919863666
464 476.80078919863666
465 476.80078919863666
466 476.80078919863666
467 476.80078919863666
468 476.80078919863666
469 476.80078919863666
470 476.80078919863666
471 476.80078919863666
472 476.80078919863666
473 476.80078919863666
474 476.80078919863666
475 476.80078919863666
476 476.80078919863666
477 476.80078919863666
478 476.80078919863666
479 476.80078919863666
480 476.80078919863666
481 476.80078919863666
482 476.80078919863666
483 476.80078919863666
484 476.80078919863666
485 476.80078919863666
486 476.80078919863666
487 476.80078919863666
488 476.80078919863666
489 476.80078919863666
490 476.80078919863666
491 476.80078919863666
492 476.80078919863666
493 476.80078919863666
494 476.80078919863666
495 476.80078919863666
496 476.80078919863666
497 476.8227016307868
498 476.8227016307868
499 476.8227016307868
500 476.8227016307868
501 476.8227016307868
502 476.874925653137
503 477.28997395198655
504 477.28997395198655
505 477.28997395198655
506 477.28997395198655
507 477.28997395198655
508 477.28997395198655
509 477.28997395198655
510 477.28997395198655
511 477.28997395198655
512 477.28997395198655
513 477.28997395198655
514 477.28997395198655
515 477.31611075608276
516 477.31611075608276
517 477.31611075608276
518 477.31611075608276
519 477.31611075608276
520 477.31611075608276
521 477.31611075608276
522 477.31611075608276
523 477.365741895515
524 477.365741895515
525 477.365741895515
526 477.365741895515
527 477.365741895515
528 477.5509625249697
529 477.72900443380496
530 477.90164625134804
531 478.25528080285994
532 478.25528080285994
533 478.4264459442392
534 478.777158547261
535 479.1160650578269
536 479.60532567204854
537 479.60532567204854
538 480.2294588798281
539 481.02549754982317
540 481.9329653400906
541 482.93180484593654
542 482.93180484593654
543 484.00082535896587
544 485.1181688366232
545 486.2618215515207
546 487.41013954119916
547 487.41013954119916
548 488.5423542760904
549 489.63902722585084
550 490.609570927702
551 490.609570927702
552 491.6139053967167
553 492.6495204584629
554 493.71413743328816
555 494.80568333248164
556 494.80568333248164
557 495.92226834924224
558 496.9759752487979
559 497.96428586440095
560 498.8843154596474
561 498.8843154596474
562 499.73281967551753
563 500.506197350524
564 501.2004906606464
565 501.81138392167065
566 501.81138392167065
567 502.33420239749177
568 502.7639125497938
569 503.09512533965835
570 503.32210444585286
571 503.32210444585286
572 505.7602274873795
573 505.91532312432736
574 506.07032131927315
575 506.2250576008294
576 506.2250576008294
577 506.37936765439287
578 506.5330874210071
579 506.6860531967925
580 506.8381017331588
581 506.8381017331588
582 506.9890703380148
583 507.13879697818544
584 507.287120383244
585 508.8552720026671
586 508.8552720026671
587 511.22055027089283
588 511.30852146468743
589 511.4014234122689
590 511.4898777639168
591 511.4898777639168
592 511.5832714035867
593 511.67221226495394
594 511.7661009348773
595 511.8555316813194
596 511.8555316813194
597 511.9499187423379
598 512.0398427727782
599 512.1251839994891
600 512.2155973727497
601 512.2155973727497
602 512.3014217205923
603 512.3923279281069
604 512.4786389178339
605 512.5700414773827
606 512.5700414773827
607 512.6568426569503
608 512.7487451127896
609 512.8360400575
610 512.9186092807774
611 512.9186092807774
612 513.0063930979184
613 513.0894439227121
614 513.1777202690012
615 513.2612563734979
616 513.2612563734979
617 513.3500289357991
618 513.4340540291529
619 513.5233265246766
620 513.6078443472243
621 513.6078443472243
622 513.6976205237258
623 513.7826348472015
624 513.8627701939245
625 513.9482751563603
626 513.9482751563603
627 514.028892791164
628 514.1148922347531
629 514.1959960133414
630 514.2824938145048
631 514.2824938145048
632 514.3640876275967
633 514.4510876972604
634 514.5331754708823
635 514.6102356074547
636 514.6102356074547
637 514.7756330255307
638 514.9314330808614
639 515.0988066292722
640 515.2565529249738
641 515.2565529249738
642 515.4044151365044
643 515.6443007417158
644 515.8700221845648
645 516.1963060464046
646 516.1963060464046
647 516.504612389352
648 516.794310028656
649 517.1329357241227
650 517.5817109702622
651 517.5817109702622
652 518.0755627837052
653 518.5391343681324
654 518.9709402992122
655 519.3694248199735
656 519.3694248199735
657 519.7329589950944
658 520.0598379838655
659 520.3482784937847
660 520.5964164900049
661 520.5964164900049
662 520.8023052513024
663 521.0640202114846
664 521.282687760362
665 521.5591538642868
666 521.5591538642868
667 521.7917652654247
668 522.0842958293161
669 522.439037467144
670 522.8582825480432
671 522.8582825480432
672 523.2362028071777
673 523.6812609425301
674 524.1958870653086
675 524.7824710178504
676 524.7824710178504
677 525.4433343855023
678 526.1806980493627
679 526.9966450131329
680 527.893078331722
681 527.893078331722
682 528.8716741033903
683 562.8974526277202
684 568.7764456940562
685 574.7527723196656
686 574.7527723196656
687 580.8169245882779
688 586.9578008279009
689 593.1628170319574
690 599.4180839678413
691 599.4180839678413
692 605.7086469760187
693 612.0187801927871
694 618.3323219423758
695 624.6330340414122
696 624.6330340414122
697 630.9049653490035
698 637.1327994615506
699 642.9619873297985
700 648.3936879197847
701 648.3936879197847
702 653.4333818212524
703 658.4189361323483
704 663.3469686631496
705 668.214612609447
706 668.214612609447
707 673.019506890223
708 677.7597786567343
709 682.4340193833823
710 687.0412559680844
711 687.0412559680844
712 691.5809182200614
713 695.9493251615447
714 700.1133355404617
715 704.0473981774015
716 704.0473981774015
717 707.7335269608282
718 711.1607972807424
719 714.3245167919433
720 717.2252216929973
721 717.2252216929973
722 719.867625733745
723 722.2596150757433
724 724.411347524928
725 726.2098627920972
726 726.2098627920972
727 727.7014254973997
728 728.9271147909257
729 730.0116194483076
730 730.9621517867951
731 730.9621517867951
732 731.852766990953
733 733.070610180631
734 733.6050046202928
735 734.0820130075268
736 734.0820130075268
737 734.5337475065945
738 735.5014439445051
739 735.7601665435593
740 735.8867494992941
741 735.8867494992941
742 735.904287080896
743 735.904287080896
744 735.904287080896
745 735.904287080896
746 735.904287080896
747 735.904287080896
748 735.904287080896
749 735.904287080896
750 735.904287080896
751 735.904287080896
752 735.904287080896
753 735.904287080896
754 735.904287080896
755 735.904287080896
756 735.904287080896
757 735.904287080896
758 735.904287080896
759 735.904287080896
760 735.904287080896
761 735.904287080896
762 735.904287080896
763 735.904287080896
764 735.904287080896
765 735.904287080896
766 735.904287080896
767 735.904287080896
768 735.904287080896
769 735.904287080896
770 735.904287080896
771 735.904287080896
772 735.904287080896
773 735.904287080896
774 735.904287080896
775 735.904287080896
776 735.904287080896
777 735.904287080896
778 735.904287080896
779 735.904287080896
780 735.904287080896
781 735.904287080896
782 735.904287080896
783 735.904287080896
784 735.904287080896
785 735.904287080896
786 735.904287080896
787 735.904287080896
788 735.904287080896
789 738.980296041628
790 739.2282860405099
791 739.2282860405099
792 739.4070772935773
793 739.5287342044119
794 739.5287342044119
795 739.5287342044119
796 739.5287342044119
797 739.5287342044119
798 739.5287342044119
799 739.5287342044119
800 739.5287342044119
801 739.5287342044119
802 739.5287342044119
803 739.6212075477936
804 739.6212075477936
805 739.6212075477936
806 739.6212075477936
807 739.6212075477936
808 739.6212075477936
809 739.6212075477936
810 739.6212075477936
811 739.6212075477936
812 739.6212075477936
813 739.6212075477936
814 739.6212075477936
815 739.6212075477936
816 739.6212075477936
817 739.6212075477936
818 739.6212075477936
819 739.6212075477936
820 739.6212075477936
821 739.6212075477936
822 739.6212075477936
823 739.6212075477936
824 739.6212075477936
825 740.1688083862192
826 740.1688083862192
827 740.1688083862192
828 740.1688083862192
829 740.1688083862192
830 740.1688083862192
831 740.1688083862192
832 740.1688083862192
833 740.1688083862192
834 740.1688083862192
835 740.1688083862192
836 740.1688083862192
837 740.1688083862192
838 740.1688083862192
839 740.1688083862192
840 740.1688083862192
841 740.1688083862192
842 740.1688083862192
843 740.1688083862192
844 740.1688083862192
845 740.1688083862192
846 740.1688083862192
847 740.1688083862192
848 740.1688083862192
849 740.1688083862192
850 740.1688083862192
851 741.021255791608
852 741.021255791608
853 741.021255791608
854 741.021255791608
855 741.021255791608
856 741.021255791608
857 741.021255791608
858 741.021255791608
859 741.021255791608
860 741.021255791608
861 741.021255791608
862 741.021255791608
863 741.021255791608
864 741.021255791608
865 741.021255791608
866 741.021255791608
867 741.021255791608
868 741.021255791608
869 741.021255791608
870 741.021255791608
871 741.021255791608
872 741.021255791608
873 741.021255791608
874 741.021255791608
875 741.021255791608
876 741.021255791608
877 741.021255791608
878 741.021255791608
879 741.021255791608
880 741.021255791608
881 741.021255791608
882 741.021255791608
883 741.021255791608
884 746.4583943540384
885 746.5922243819184
886 746.5922243819184
887 746.7284478283135
888 746.8668830271226
889 747.007344305373
890 747.1460847732452
891 747.1460847732452
892 747.2829519950473
893 747.4220078901029
894 747.5630657615135
895 747.7059352593637
896 747.7059352593637
897 747.8472715163481
898 747.9904061392656
899 748.1320192989583
900 748.2754174746732
901 748.2754174746732
902 748.4204061113503
903 748.5640532114701
904 748.7092765579358
905 748.8558782674352
906 748.8558782674352
907 749.0013207535491
908 749.1481266172653
909 749.2960950764465
910 749.4430886930664
911 749.4430886930664
912 749.5912292503452
913 749.7384084058522
914 749.8867187837672
915 750.0359568596818
916 750.0359568596818
917 750.1859173773054
918 750.3352765664723
919 750.4853415302188
920 750.634819293093
921 750.634819293093
922 750.7849861227257
923 750.9356350602637
924 751.0858855625565
925 751.2366011442882
926 751.2366011442882
927 751.3869326610286
928 751.5377122015371
929 751.6881220661974
930 751.8389628727166
931 751.8389628727166
932 751.9894484107301
933 752.140347783426
934 752.2909063124656
935 752.4418615447197
936 752.4418615447197
937 752.5930050980005
938 752.7441282364746
939 753.0458894219407
940 753.497020511113
941 753.497020511113
942 754.0952992577637
943 754.8373805453278
944 755.7186376939701
945 756.7330232619848
946 756.7330232619848
947 757.8729599876136
948 759.1292730464551
949 760.491174337667
950 761.7214918512063
951 761.7214918512063
952 762.8200913566902
953 763.7863700691478
954 764.6193280547161
955 765.3176427286462
956 765.3176427286462
957 765.8797485421219
958 766.3039238850836
959 766.5883871038851
960 766.7314033111635
961 766.7314033111635
962 766.9825219686695
963 767.2688949669841
964 767.4127434323018
965 767.557133731956
966 767.557133731956
967 767.7019109655915
968 767.8469199860331
969 767.9920054985021
970 768.1370121595494
971 768.1370121595494
972 768.2817846758977
973 768.4261679033782
974 768.5700069461515
975 768.7131472564002
976 768.7131472564002
977 768.8554347346802
978 768.9967158311096
979 769.1368376475816
980 769.2756480411742
981 769.2756480411742
982 769.4129957289299
983 769.5487303941727
984 769.682702794525
985 769.8147648717762
986 769.8147648717762
987 769.9447698637528
988 770.0725724183264
989 770.1980287096922
990 770.320996557032
991 770.320996557032
992 770.441335545676
993 770.5589071508547
994 770.673574864126
995 770.785204322544
996 770.785204322544
997 770.893663440626
998 770.9988225451511
999 771.1005545128106
1000 771.198734910712
1001 771.198734910712
1002 771.2932421397144
1003 771.383957580556
1004 771.4707657427098
1005 771.5535544158815
1006 771.5535544158815
1007 771.6322148240342
1008 771.7066417818075
1009 771.7767338531601
1010 771.842393512047
1011 771.842393512047
1012 771.9035273049053
1013 771.9600460146979
1014 772.011864826227
1015 772.058903492406
1016 772.058903492406
1017 772.1010865011369
1018 772.1383432424117
1019 772.1706081752233
1020 772.197820993835
1021 772.197820993835
1022 772.2199267929266
1023 772.2420888249944
1024 772.2743341283447
1025 772.3015551347671
1026 772.3015551347671
1027 772.3236971763642
1028 772.3439127828962
1029 772.3662389908654
1030 772.3972114448809
1031 772.3972114448809
1032 772.4396935800361
1033 772.4772765153987
1034 772.5098945681893
1035 772.5374872570538
1036 772.5374872570538
1037 772.5619749192912
1038 772.599706137347
1039 772.6324781221302
1040 772.6602302620416
1041 772.6602302620416
1042 772.7016735552993
1043 772.7854057367521
1044 772.8650726543306
1045 772.9405685183865
1046 772.9405685183865
1047 773.0117912182623
1048 773.0786424810874
1049 773.1410280324052
1050 773.1988577583908
1051 773.1988577583908
1052 773.2520458693851
1053 773.3005110644456
1054 773.3441766965735
1055 773.3829709382553
1056 773.3829709382553
1057 773.4168269469118
1058 773.4456830298265
1059 773.4694828080817
1060 773.4881753790045
1061 773.4881753790045
1062 773.5017154765909
1063 773.51006362934
1064 773.513186314909
1065 773.513186314909
1066 773.513186314909
1067 773.513186314909
1068 773.513186314909
1069 773.513186314909
1070 773.513186314909
1071 773.513186314909
1072 773.513186314909
1073 773.513186314909
1074 773.513186314909
1075 773.513186314909
1076 773.513186314909
1077 773.513186314909
1078 773.513186314909
1079 773.513186314909
1080 773.513186314909
1081 773.8951329807544
1082 774.0730909570805
1083 774.2529571398877
1084 774.4344798466162
1085 774.6174040625353
1086 774.6174040625353
1087 774.801471942933
1088 774.9864233264318
1089 775.1719962574681
1090 775.3579275158997
1091 775.3579275158997
1092 775.5439531516582
1093 775.7298090223167
1094 775.9152313314281
1095 776.0999571654797
1096 776.0999571654797
1097 776.2837250273199
1098 776.4662753639424
1099 776.6473510865542
1100 776.8266980809125
1101 776.8266980809125
1102 777.0040657059885
1103 777.1792072791043
1104 777.3518805457871
1105 777.5218481326988
1106 777.5218481326988
1107 777.6888779821179
1108 777.8527437665854
1109 778.0132252824612
1110 778.1701088212835
1111 778.1701088212835
1112 778.3231875179746
1113 778.4722616750834
1114 778.6171390624139
1115 778.7576351915369
1116 778.7576351915369
1117 778.893573564839
1118 779.0247858989045
1119 779.1511123221804
1120 779.2724015470028
1121 779.2724015470028
1122 779.3885110162057
1123 779.4993070246516
1124 779.6046648161462
1125 779.7044686563065
1126 779.7044686563065
1127 779.7986118820488
1128 779.8869969284585
1129 780.0518084543039
1130 780.280127813334
1131 780.280127813334
1132 780.5582974168603
1133 780.8721752991889
1134 781.2074118114663
1135 781.5497351331253
1136 781.5497351331253
1137 781.8852314628176
1138 782.3033299670392
1139 782.6978172156228
1140 783.0562629997238
1141 783.0562629997238
1142 783.3673566414847
1143 783.7017250655433
1144 784.0488407025938
1145 784.3990017034793
1146 784.3990017034793
1147 784.7431352028443
1148 785.0726328498407
1149 785.3792114569227
1150 785.6547933556465
1151 785.6547933556465
1152 785.8914023899619
1153 786.0810725425786
1154 786.215767068693
1155 786.28730677367
1156 786.28730677367
1157 786.3630278786133
1158 786.4428287179568
1159 786.5266040273268
1160 786.6142450970497
1161 786.6142450970497
1162 786.7056399235247
1163 786.8006733583167
1164 786.8992272548413
1165 787.0011806125508
1166 787.0011806125508
1167 787.1064097185413
1168 787.2147882865319
1169 787.326187593183
1170 787.4404766117418
1171 787.4404766117418
1172 787.5575221430241
1173 787.6771889437541
1174 787.7993398523076
1175 787.9238359119106
1176 787.9238359119106
1177 788.0505364913666
1178 788.1792994033981
1179 788.3099810206944
1180 788.4424363897781
1181 788.4424363897781
1182 788.5765193428052
1183 788.7120826074276
1184 788.8489779148535
1185 788.987056106249
1186 788.987056106249
1187 789.1261672376337
1188 789.266160683423
1189 789.4068852387842
1190 789.5481892209682
1191 789.5481892209682
1192 789.6899205697908
1193 789.8319269474352
1194 789.9740558377543
1195 790.1161546452473
1196 790.1161546452473
1197 790.2580707938939
1198 790.3996518260227
1199 790.5407455013953
1200 790.6811998966845
1201 790.6811998966845
1202 790.8208635055231
1203 790.9595853393006
1204 791.0972150288779
1205 791.2336029273923
1206 791.2336029273923
1207 791.3686002143132
1208 791.5020590009135
1209 791.6338324373081
1210 791.7637748212074
1211 791.7637748212074
1212 791.8917417085285
1213 792.0175900259945
1214 792.141178185848
1215 792.2623662027914
1216 792.2623662027914
1217 792.3810158132568
1218 792.4969905970997
1219 792.6101561017928
1220 792.7203799691861
1221 792.7203799691861
1222 792.8275320648856
1223 792.9314846102827
1224 793.0321123172534
1225 793.1292925255286
1226 793.1292925255286
1227 793.2229053427142
1228 793.3128337869218
1229 793.398963931951
1230 793.4811850549365
1231 793.4811850549365
1232 793.5593897863555
1233 793.6334742622613
1234 793.7033382785864
1235 793.7688854473287
1236 793.7688854473287
1237 793.8300233544086
1238 793.8866637189549
1239 793.9387225537479
1240 793.9861203265168
1241 793.9861203265168
1242 794.0287821217598
1243 794.0666378027216
1244 794.1327011728721
1245 794.217369599752
1246 794.217369599752
1247 794.3109730146036
1248 794.4036526037861
1249 794.5480361515346
1250 794.6828532701338
1251 794.6828532701338
1252 794.7975600502809
1253 794.9789802582834
1254 795.1313721054776
1255 795.3642787822521
1256 795.3642787822521
1257 795.56170231383
1258 795.8372069245223
1259 796.1647660998393
1260 796.533104711499
1261 796.533104711499
1262 796.8209062190873
1263 797.1336390465752
1264 797.4577921223123
1265 797.7791182553167
1266 797.7791182553167
1267 798.0829049749942
1268 798.3542705593737
1269 798.5784706333314
1270 798.741199728674
1271 798.741199728674
1272 798.8288726878203
1273 798.9226316044378
1274 799.0223826229604
1275 799.1280222831004
1276 799.1280222831004
1277 799.2394375233737
1278 799.3565057081983
1279 799.4790946795016
1280 799.6070628336734
1281 799.6070628336734
1282 799.7402592246079
1283 799.8785236934624
1284 800.0216870256418
1285 800.1695711353836
1286 800.1695711353836
1287 800.3219892781809
1288 800.4787462911288
1289 800.6396388611257
1290 800.8044558206996
1291 800.8044558206996
1292 800.9729784710613
1293 801.1449809318192
1294 801.3202305166159
1295 801.4984881337817
1296 801.4984881337817
1297 801.6795087109235
1298 801.8630416422083
1299 802.0488312569363
1300 802.2366173078473
1301 802.2366173078473
1302 802.4261354774593
1303 802.617117900602
1304 802.8092937011921
1305 803.0023895411799
1306 803.0023895411799
1307 803.1961301795127
1308 803.390239038875
1309 803.5844387779116
1310 803.7784518665898
1311 803.7784518665898
1312 803.9720011623401
1313 804.1648104846012
1314 804.3566051854128
1315 804.5471127137293
1316 804.5471127137293
1317 804.7360631711754
1318 804.923189857031
1319 805.1082298003195
1320 805.2909242769668
1321 805.2909242769668
1322 805.4710193101187
1323 805.6482661518194
1324 805.8224217444078
1325 805.9932491601166
1326 805.9932491601166
1327 806.1605180175342
1328 806.3240048737359
1329 806.4834935910692
1330 806.6387756777409
1331 806.6387756777409
1332 806.7896506015288
1333 806.9359260761091
1334 807.0774183196638
1335 807.2139522855878
1336 807.2139522855878
1337 807.3453618652867
1338 807.4714900632026
1339 807.5921891443526
1340 807.7073207548026
1341 807.7073207548026
1342 807.8167560156273
1343 807.9203755910285
1344 808.018069731382
1345 808.1097382920913
1346 808.1097382920913
1347 808.1952907292056
1348 808.2746460728338
1349 808.3477328794484
1350 808.4144891642298
1351 808.4144891642298
1352 808.4748623146368
1353 808.5288089864188
1354 808.6236099367095
1355 808.745689031018
1356 808.745689031018
1357 808.8812641053408
1358 809.0166329190876
1359 809.138453028309
1360 809.2340018351498
1361 809.2340018351498
1362 809.2914048867497
1363 809.299823293578
1364 809.299823293578
1365 809.299823293578
1366 809.299823293578
1367 809.299823293578
1368 809.299823293578
1369 809.299823293578
1370 809.299823293578
1371 809.299823293578
1372 809.299823293578
1373 809.299823293578
1374 809.299823293578
1375 809.299823293578
1376 809.299823293578
1377 809.299823293578
1378 809.299823293578
1379 809.299823293578
1380 809.299823293578
1381 809.299823293578
1382 809.299823293578
1383 809.299823293578
1384 809.299823293578
1385 809.299823293578
1386 809.299823293578
1387 809.299823293578
1388 809.299823293578
1389 809.3239603596758
1390 809.3909389376711
1391 809.3909389376711
1392 809.4620509254586
1393 809.537199955421
1394 809.6162860220077
1395 809.6992056316994
1396 809.6992056316994
1397 809.7858519512022
1398 809.876114953704
1399 809.9698815630568
1400 810.0670357957667
1401 810.0670357957667
1402 810.1674589007011
1403 810.271029496437
1404 810.377623706208
1405 810.4871152904132
1406 810.4871152904132
1407 810.5993757766796
1408 810.7142745874839
1409 810.8316791653554
1410 810.9514550956991
1411 810.9514550956991
1412 811.0734662272939
1413 811.1975747905278
1414 811.3236415134531
1415 811.4515257357514
1416 811.4515257357514
1417 811.581085520709
1418 811.7121777653147
1419 811.844658308599
1420 811.9783820383452
1421 811.9783820383452
1422 812.1132029963059
1423 812.2489744820671
1424 812.3855491557094
1425 812.5227791394176
1426 812.5227791394176
1427 812.6605161181952
1428 812.798611439848
1429 812.9369162143939
1430 813.0752814130734
1431 813.0752814130734
1432 813.2135579671193
1433 813.3515968664613
1434 813.4892492585279
1435 813.6263665473201
1436 813.6263665473201
1437 813.7628004929168
1438 813.8984033115839
1439 814.0330277766477
1440 814.16652732029
1441 814.16652732029
1442 814.2987561364258
1443 814.4295692848125
1444 814.5588227965393
1445 814.6863737810344
1446 814.6863737810344
1447 814.8120805347298
1448 814.9358026515046
1449 815.0574011350279
1450 815.176738513114
1451 815.176738513114
1452 815.2936789541816
1453 815.408088385914
1454 815.5198346161908
1455 815.6287874563589
1456 815.6287874563589
1457 815.7348188468903
1458 815.8378029854656
1459 815.9376164574986
1460 816.0341383691094
1461 816.0341383691094
1462 816.1272504825266
1463 816.2168373538902
1464 816.3027864733941
1465 816.4673784685925
1466 816.4673784685925
1467 816.727523045618
1468 817.0612862921328
1469 817.4624813310515
1470 817.9747066648936
1471 817.9747066648936
1472 818.5526556435645
1473 819.2579991676015
1474 819.9798973201855
1475 820.8143222501562
1476 820.8143222501562
1477 821.8036921709167
1478 822.7722968019572
1479 823.8062681709945
1480 824.9032166405143
1481 824.9032166405143
1482 826.0611008886049
1483 827.4253424809605
1484 828.8652960323343
1485 830.3822013887504
1486 830.3822013887504
1487 831.9781957790588
1488 833.8639439960318
1489 835.7581878638503
1490 837.6618211593417
1491 837.6618211593417
1492 839.5758660775778
1493 841.3968478652364
1494 843.118255940063
1495 844.7337241535363
1496 844.7337241535363
1497 846.2371912490416
1498 847.6230921321833
1499 848.8865799581866
1500 850.0237767851129
1501 850.0237767851129
1502 851.0320475224233
1503 851.9102881516421
1504 852.6592148861761
1505 853.281636446264
1506 853.281636446264
1507 853.281636446264
1508 853.281636446264
1509 853.281636446264
1510 853.281636446264
1511 853.281636446264
1512 853.281636446264
1513 853.281636446264
1514 853.281636446264
1515 853.281636446264
1516 853.281636446264
1517 853.281636446264
1518 853.281636446264
1519 853.281636446264
1520 853.281636446264
1521 853.281636446264
1522 853.281636446264
1523 853.281636446264
1524 853.281636446264
1525 853.281636446264
1526 853.281636446264
1527 853.281636446264
1528 853.281636446264
1529 853.281636446264
1530 853.281636446264
1531 853.281636446264
1532 853.281636446264
1533 853.3703938198048
1534 853.3703938198048
1535 853.3703938198048
1536 853.3703938198048
1537 853.3703938198048
1538 853.4406675473239
1539 853.4406675473239
1540 853.4406675473239
1541 853.4406675473239
1542 853.4406675473239
1543 853.4406675473239
1544 853.4406675473239
1545 853.4406675473239
1546 853.4406675473239
1547 853.4406675473239
1548 853.4406675473239
1549 853.4406675473239
1550 853.4406675473239
1551 853.4406675473239
1552 853.4406675473239
1553 853.4406675473239
1554 853.4406675473239
1555 853.4406675473239
1556 853.4406675473239
1557 853.4406675473239
1558 853.4406675473239
1559 853.4406675473239
1560 853.4406675473239
1561 853.4406675473239
1562 853.4406675473239
1563 853.4406675473239
1564 853.4406675473239
1565 853.4406675473239
1566 853.4406675473239
1567 853.4406675473239
1568 853.4406675473239
1569 853.4406675473239
1570 853.4406675473239
1571 853.4406675473239
1572 853.4406675473239
1573 853.4406675473239
1574 853.4406675473239
1575 853.4406675473239
1576 853.4406675473239
1577 853.4406675473239
1578 853.4406675473239
1579 853.4406675473239
1580 853.4406675473239
1581 853.4406675473239
1582 853.4406675473239
1583 853.4406675473239
1584 853.4406675473239
1585 853.4406675473239
1586 853.4406675473239
1587 853.4406675473239
1588 853.4406675473239
1589 853.4406675473239
1590 853.4406675473239
1591 853.4406675473239
1592 853.4406675473239
1593 853.4406675473239
1594 853.4406675473239
1595 853.4406675473239
1596 853.4406675473239
1597 853.4406675473239
1598 853.4406675473239
1599 853.4406675473239
1600 853.4406675473239
1601 853.4406675473239
1602 853.4406675473239
1603 853.4406675473239
1604 853.4406675473239
1605 853.4406675473239
1606 853.4406675473239
1607 853.4406675473239
1608 853.4406675473239
1609 853.4406675473239
1610 853.4406675473239
1611 853.4406675473239
1612 853.4406675473239
1613 853.4406675473239
1614 853.4406675473239
1615 853.4406675473239
1616 853.4406675473239
1617 853.4406675473239
1618 853.4406675473239
1619 853.4406675473239
1620 853.4406675473239
1621 853.4406675473239
1622 853.4406675473239
1623 853.4406675473239
1624 853.4406675473239
1625 853.5691273496099
1626 853.5691273496099
1627 853.5691273496099
1628 853.5691273496099
1629 853.5691273496099
1630 853.5691273496099
1631 853.5691273496099
1632 853.5691273496099
1633 853.5691273496099
1634 853.5691273496099
1635 853.5691273496099
1636 853.5691273496099
1637 853.5691273496099
1638 853.5691273496099
1639 853.5691273496099
1640 853.5691273496099
1641 853.5691273496099
1642 853.5691273496099
1643 853.5691273496099
1644 853.5691273496099
1645 853.5691273496099
1646 853.5691273496099
1647 853.5691273496099
1648 853.5691273496099
1649 853.5691273496099
1650 853.5691273496099
1651 853.5691273496099
1652 948.5372036904943
1653 949.2822582438332
1654 949.653665925964
1655 950.0234798411263
1656 950.0234798411263
1657 950.3913791155984
1658 950.7570425521996
1659 951.1201485867076
1660 951.4803752492418
1661 951.4803752492418
1662 951.8374001313875
1663 952.1909003598573
1664 952.5405525775152
1665 952.8860329326158
1666 952.8860329326158
1667 953.2270170771454
1668 953.5631801751869
1669 953.8941969222627
1670 954.5465786659514
1671 954.5465786659514
1672 955.5137866916175
1673 956.7928573627423
1674 958.4591726023019
1675 960.4609889294813
1676 960.4609889294813
1677 962.9087449660421
1678 965.7342681283366
1679 969.0774410597701
1680 972.4734229522343
1681 972.4734229522343
1682 976.0294693121526
1683 979.7254621522948
1684 983.5370953688325
1685 987.4363329539879
1686 987.4363329539879
1687 991.392146571631
1688 994.9292002714423
1689 998.0257952773002
1690 1000.6769141735523
1691 1000.6769141735523
1692 1002.8849296470187
1693 1004.6510690679179
1694 1005.9718508957021
1695 1006.8477653239339
1696 1006.8477653239339
1697 1007.2828633101614
1698 1007.7145866035053
1699 1008.1422077455055
1700 1008.5650125141152
1701 1008.5650125141152
1702 1008.9823020968058
1703 1009.393395152599
1704 1009.7976297501418
1705 1010.2061673312479
1706 1010.2061673312479
1707 1010.6077349202506
1708 1011.0016986924295
1709 1011.3874478980171
1710 1011.7643963282663
1711 1011.7643963282663
1712 1012.1319836232882
1713 1012.4896764179709
1714 1012.8369693240734
1715 1013.1733857482939
1716 1013.1733857482939
1717 1013.498478547747
1718 1013.8118305257914
1719 1014.1130547725375
1720 1014.4017948556195
1721 1014.4017948556195
1722 1014.677724867891
1723 1014.9405493396548
1724 1015.1900030238002
1725 1015.4258505628391
1726 1015.4258505628391
1727 1015.6478860472896
1728 1015.8559324751632
1729 1016.0498411224798
1730 1016.4078118351711
1731 1016.4078118351711
1732 1016.896204837187
1733 1017.4788823877117
1734 1018.1186849728092
1735 1018.7789537549643
1736 1018.7789537549643
1737 1019.4249573453081
1738 1020.0250981266637
1739 1020.5518103259535
1740 1020.9821093583944
1741 1020.9821093583944
1742 1021.5478801119663
1743 1022.1200020246098
1744 1022.8421443647957
1745 1023.6293883965383
1746 1023.6293883965383
1747 1024.4753417662314
1748 1025.3744014094382
1749 1026.3216374825315
1750 1027.3126967697353
1751 1027.3126967697353
1752 1028.3437219405428
1753 1029.4112837644884
1754 1030.5123239648876
1755 1031.6441068458164
1756 1031.6441068458164
1757 1032.8041781844568
1758 1033.990330165013
1759 1035.2005713567446
1760 1036.4331009198127
1761 1036.4331009198127
1762 1037.6862863681515
1763 1038.9586443359822
1764 1040.2488238896683
1765 1041.5555920039342
1766 1041.5555920039342
1767 1042.877820884582
1768 1044.2144768715646
1769 1045.5646106988024
1770 1046.9273489222433
1771 1046.9273489222433
1772 1048.3018863567481
1773 1049.5632123408116
1774 1050.7113280519275
1775 1051.7453045566392
1776 1051.7453045566392
1777 1052.6633718163935
1778 1053.4629914139982
1779 1054.1409184029558
1780 1054.6932570680217
1781 1054.6932570680217
1782 1055.1155150834609
1783 1055.4026604990495
1784 1055.5491861194798
1785 1055.7034854486062
1786 1055.7034854486062
1787 1055.8556754841659
1788 1056.0104597514066
1789 1056.1676680676171
1790 1056.3271288261624
1791 1056.3271288261624
1792 1056.4886691152535
1793 1056.6521148334568
1794 1056.8172908021631
1795 1056.9840208752562
1796 1056.9840208752562
1797 1057.152128046216
1798 1057.3214345529082
1799 1057.4917619803123
1800 1057.6629313614467
1801 1057.6629313614467
1802 1057.8347632767513
1803 1058.0070779522011
1804 1058.1796953564092
1805 1059.116555286364
1806 1059.116555286364
1807 1060.136980005528
1808 1061.1623258252037
1809 1062.1683585753028
1810 1063.179677234118
1811 1063.179677234118
1812 1064.1958610020185
1813 1065.2164984607136
1814 1066.4114319393038
1815 1067.7535918070291
1816 1067.7535918070291
1817 1069.3601676580795
1818 1071.4013328943424
1819 1073.6105846848607
1820 1075.9624300703113
1821 1075.9624300703113
1822 1078.3095342584659
1823 1080.6522720380751
1824 1082.8244669622109
1825 1084.8277724443547
1826 1084.8277724443547
1827 1086.663683413903
1828 1088.3326550113522
1829 1089.8350954379034
1830 1091.171102336622
1831 1091.171102336622
1832 1092.3405321567807
1833 1093.3430830806908
1834 1094.1783912657904
1835 1094.8461411903488
1836 1094.8461411903488
1837 1095.3461905962695
1838 1095.6787099947076
1839 1095.844335904414
1840 1096.009122898376
1841 1096.009122898376
1842 1096.172896922296
1843 1096.3354844908065
1844 1096.496712789319
1845 1096.6564097775863
1846 1096.6564097775863
1847 1096.8144042952217
1848 1096.9705261694028
1849 1097.1246063249976
1850 1097.2764768973302
1851 1097.2764768973302
1852 1097.4259713477982
1853 1097.572924582554
1854 1097.7171730744383
1855 1097.858554988358
1856 1097.858554988358
1857 1097.996910310275
1858 1098.1320809799686
1859 1098.2639110277173
1860 1098.3922467150283
1861 1098.3922467150283
1862 1098.5169366795253
1863 1098.6378320840906
1864 1098.7547867703317
1865 1098.8676574164242
1866 1098.8676574164242
1867 1098.976303699357
1868 1099.0805884615852
1869 1099.1803778820574
1870 1099.2755416515702
1871 1099.2755416515702
1872 1099.3659531523613
1873 1099.4514896418193
1874 1099.5320324401632
1875 1099.6074671218964
1876 1099.6074671218964
1877 1099.6776837108118
1878 1099.7425768782741
1879 1099.8020461444755
1880 1099.8559960823063
1881 1099.8559960823063
1882 1099.9043365234475
1883 1099.9469827662335
1884 1099.9838557848045
1885 1100.0148824389967
1886 1100.0148824389967
1887 1100.0399956843935
1888 1100.0591347818925
1889 1100.0722455061061
1890 1100.0792803518607
1891 1100.0792803518607
1892 1100.0801987380096
1893 1100.0801987380096
1894 1100.0801987380096
1895 1100.0801987380096
1896 1100.0801987380096
1897 1100.0801987380096
1898 1100.0801987380096
1899 1100.0801987380096
1900 1100.0801987380096
1901 1100.0801987380096
1902 1100.0801987380096
1903 1100.0801987380096
1904 1100.0801987380096
1905 1100.0801987380096
1906 1100.0801987380096
1907 1100.0801987380096
1908 1100.0801987380096
1909 1100.0801987380096
1910 1100.0801987380096
1911 1100.0801987380096
1912 1100.0801987380096
1913 1100.0801987380096
1914 1100.0801987380096
1915 1100.0801987380096
1916 1100.0801987380096
1917 1100.0801987380096
1918 1100.0801987380096
1919 1100.0801987380096
1920 1100.0801987380096
1921 1100.0801987380096
1922 1100.0801987380096
1923 1100.0801987380096
1924 1100.0801987380096
1925 1100.0801987380096
1926 1100.0801987380096
1927 1100.0801987380096
1928 1100.0801987380096
1929 1100.0801987380096
1930 1100.0801987380096
1931 1100.0801987380096
1932 1100.0801987380096
1933 1100.0801987380096
1934 1100.0801987380096
1935 1100.0801987380096
1936 1100.0801987380096
1937 1100.0801987380096
1938 1100.0801987380096
1939 1100.0801987380096
1940 1100.0801987380096
1941 1100.0801987380096
1942 1100.0801987380096
1943 1100.0801987380096
1944 1100.0801987380096
1945 1100.0801987380096
1946 1100.0801987380096
1947 1100.0801987380096
1948 1100.0801987380096
1949 1100.0801987380096
1950 1100.0801987380096
1951 1100.0801987380096
1952 1100.0801987380096
1953 1100.0985102367165
1954 1100.1117011724068
1955 1100.1188114069407
1956 1100.1188114069407
1957 1100.1198002155388
1958 1100.1198002155388
1959 1100.1198002155388
1960 1100.1198002155388
1961 1100.1198002155388
1962 1100.1198002155388
1963 1100.1198002155388
1964 1100.1198002155388
1965 1100.1198002155388
1966 1100.1198002155388
1967 1100.1198002155388
1968 1100.1198002155388
1969 1100.1198002155388
1970 1100.1198002155388
1971 1100.1198002155388
1972 1100.1198002155388
1973 1100.1198002155388
1974 1100.1198002155388
1975 1100.1198002155388
1976 1100.1198002155388
1977 1100.1198002155388
1978 1100.1198002155388
1979 1100.1198002155388
1980 1100.1198002155388
1981 1100.1198002155388
1982 1100.1198002155388
1983 1100.1198002155388
1984 1100.1198002155388
1985 1100.1198002155388
1986 1100.1198002155388
1987 1100.1198002155388
1988 1100.1198002155388
1989 1100.1198002155388
1990 1100.1198002155388
1991 1100.1198002155388
1992 1100.1198002155388
1993 1100.1198002155388
1994 1100.1198002155388
1995 1100.1198002155388
1996 1100.1198002155388
1997 1100.1198002155388
1998 1100.1198002155388
1999 1100.1198002155388
2000 1100.1198002155388
2001 1100.1198002155388
2002 1100.1198002155388
2003 1100.1198002155388
2004 1100.1198002155388
2005 1100.1198002155388
2006 1100.1198002155388
2007 1100.1198002155388
2008 1100.1198002155388
2009 1100.1198002155388
2010 1100.1198002155388
2011 1100.1198002155388
2012 1100.1198002155388
2013 1100.1198002155388
2014 1100.1198002155388
2015 1100.1198002155388
2016 1100.1198002155388
2017 1100.1198002155388
2018 1100.1198002155388
2019 1100.1198002155388
2020 1100.1198002155388
2021 1100.1198002155388
2022 1100.1198002155388
2023 1100.1198002155388
2024 1100.1198002155388
2025 1100.1198002155388
2026 1100.1198002155388
2027 1100.1198002155388
2028 1100.1198002155388
2029 1100.1198002155388
2030 1100.1198002155388
2031 1100.1198002155388
2032 1100.1198002155388
2033 1100.1198002155388
2034 1100.1198002155388
2035 1100.1198002155388
2036 1100.1198002155388
2037 1100.1198002155388
2038 1100.1198002155388
2039 1100.1198002155388
2040 1100.1198002155388
2041 1100.1198002155388
2042 1100.1198002155388
2043 1100.1198002155388
2044 1100.1198002155388
2045 1100.1198002155388
2046 1100.1198002155388
2047 1100.1198002155388
2048 1100.1198002155388
2049 1100.1198002155388
2050 1100.1198002155388
2051 1100.1198002155388
2052 1100.1198002155388
2053 1100.1198002155388
2054 1100.1198002155388
2055 1100.1198002155388
2056 1100.1198002155388
2057 1100.1198002155388
2058 1100.1198002155388
2059 1100.1198002155388
2060 1100.1198002155388
2061 1100.1198002155388
2062 1100.1198002155388
2063 1100.1198002155388
2064 1100.1198002155388
2065 1100.1198002155388
2066 1100.1198002155388
2067 1100.1198002155388
2068 1100.1198002155388
2069 1100.1198002155388
2070 1100.1198002155388
2071 1100.1198002155388
2072 1100.1198002155388
2073 1100.1198002155388
2074 1100.1198002155388
2075 1100.1198002155388
2076 1100.1198002155388
2077 1100.1198002155388
2078 1100.1198002155388
2079 1100.1198002155388
2080 1100.1198002155388
2081 1100.1198002155388
2082 1100.1198002155388
2083 1100.1198002155388
2084 1100.1198002155388
2085 1100.1198002155388
2086 1100.1198002155388
2087 1100.1198002155388
2088 1100.1198002155388
2089 1100.1198002155388
2090 1100.1198002155388
2091 1100.1198002155388
2092 1100.1198002155388
2093 1100.695509123725
2094 1101.5658880256724
2095 1102.4197690120782
2096 1102.4197690120782
2097 1103.0470714230005
2098 1103.4565580375324
2099 1103.6570351763012
2100 1103.853177324827
2101 1103.853177324827
2102 1104.0527792082933
2103 1104.248027355807
2104 1104.4467535839162
2105 1104.6411077130813
2106 1104.6411077130813
2107 1104.8308276358068
2108 1105.0242712075092
2109 1105.2130654572188
2110 1105.3969594021664
2111 1105.3969594021664
2112 1105.5848152646893
2113 1105.7677589936284
2114 1105.9455511452682
2115 1106.1275357655504
2116 1106.1275357655504
2117 1106.3043602729208
2118 1106.4853887362578
2119 1106.661248878106
2120 1106.8317147619857
2121 1106.8317147619857
2122 1107.1810155384173
2123 1107.3500233897123
2124 1107.6763204609017
2125 1108.1775217178235
2126 1108.1775217178235
2127 1108.8184999220641
2128 1109.5822814006965
2129 1110.4501874749901
2130 1111.402161560779
2131 1111.402161560779
2132 1112.5087534934812
2133 1113.6698061844386
2134 1114.8631889987303
2135 1116.0669801505596
2136 1116.0669801505596
2137 1117.2599854528276
2138 1118.4222152140626
2139 1119.5352912694955
2140 1120.6775157013549
2141 1120.6775157013549
2142 1121.8466161136425
2143 1123.0405424360654
2144 1124.2574404873806
2145 1125.4956291725498
2146 1125.4956291725498
2147 1126.665345408028
2148 1127.7651950238867
2149 1128.7933072243713
2150 1129.7473666556127
2151 1129.7473666556127
2152 1130.6246365717136
2153 1131.4219755809877
2154 1132.1358500442764
2155 1132.762343963097
2156 1132.762343963097
2157 1133.297168098103
2158 1133.7356700730259
2159 1134.0728473295844
2160 1134.303364993061
2161 1134.303364993061
2162 1134.4215809759708
2163 1134.5427269367592
2164 1134.6666627307811
2165 1134.7932462202002
2166 1134.7932462202002
2167 1134.9223334012847
2168 1135.0537785288748
2169 1135.1874342381125
2170 1135.3231516635487
2171 1135.3231516635487
2172 1135.4607805557428
2173 1135.6001693954893
2174 1135.7411655058147
2175 1135.8836151618927
2176 1135.8836151618927
2177 1136.027363699039
2178 1136.172255618952
2179 1136.318134694372
2180 1136.4648440723404
2181 1136.4648440723404
2182 1136.612226376236
2183 1136.760123806788
2184 1136.9083782422426
2185 1137.0568313378933
2186 1137.0568313378933
2187 1137.205324625158
2188 1137.35369961041
2189 1137.5017978737571
2190 1137.6494611679695
2191 1137.6494611679695
2192 1137.7965315177553
2193 1137.9428513195794
2194 1138.0882634422242
2195 1138.2326113282827
2196 1138.2326113282827
2197 1138.3757390967744
2198 1138.5174916470714
2199 1138.6577147643147
2200 1138.7962552265
2201 1138.7962552265
2202 1138.9329609133963
2203 1139.0676809174688
2204 1139.2002656569562
2205 1139.3305669912497
2206 1139.3305669912497
2207 1139.4584383387128
2208 1139.5837347970662
2209 1139.7063132664546
2210 1139.8260325752958
2211 1139.8260325752958
2212 1139.942753609005
2213 1140.0563394416627
2214 1140.1666554706894
2215 1140.2735695545646
2216 1140.2735695545646
2217 1140.376952153615
2218 1140.4766764738738
2219 1140.572618613994
2220 1140.6646577151746
2221 1140.6646577151746
2222 1140.7526761140375
2223 1140.8365594983661
2224 1140.9161970655925
2225 1140.9914816838887
2226 1140.9914816838887
2227 1141.0623100556957
2228 1141.1285828834866
2229 1141.190205037537
2230 1141.3236534531475
2231 1141.3236534531475
2232 1141.4481310423753
2233 1141.621320099266
2234 1141.8744415335136
2235 1142.2194913206808
2236 1142.2194913206808
2237 1142.5446685007935
2238 1142.849248370969
2239 1143.2512113046832
2240 1143.6294551393403
2241 1143.6294551393403
2242 1144.1155057126878
2243 1144.5751757221456
2244 1145.0814204850863
2245 1145.5612729401273
2246 1145.5612729401273
2247 1146.013503254703
2248 1146.4368298987029
2249 1146.9774175093785
2250 1147.4865479062473
2251 1147.4865479062473
2252 1147.9625824355435
2253 1148.4037948006128
2254 1148.8083664985954
2255 1149.1743822338926
2256 1149.1743822338926
2257 1149.4998253677277
2258 1149.7825734794428
2259 1150.0506377180222
2260 1150.2908282870706
2261 1150.2908282870706
2262 1150.4885705337274
2263 1150.6274773116204
2264 1150.8628445886197
2265 1151.2018968614498
2266 1151.2018968614498
2267 1151.652406345437
2268 1152.222710500617
2269 1152.9217196698319
2270 1153.7589104421904
2271 1153.7589104421904
2272 1154.6600457680204
2273 1155.6045995735283
2274 1156.5695182670238
2275 1157.5296968593498
2276 1157.5296968593498
2277 1158.4585947926557
2278 1159.3289559703449
2279 1160.1135842288595
2280 1160.7861182917372
2281 1160.7861182917372
2282 1161.3217506191252
2283 1161.8870913303344
2284 1162.6814682139795
2285 1163.728389852746
2286 1163.728389852746
2287 1165.0532197555929
2288 1166.682920004381
2289 1168.6455523788834
2290 1170.9694414225773
2291 1170.9694414225773
2292 1173.6818887015925
2293 1176.8073260124063
2294 1180.3648226737373
2295 1184.3649386025118
2296 1184.3649386025118
2297 1188.7349129875122
2298 1193.5655316222367
2299 1198.4557369122622
2300 1203.4028458732646
2301 1203.4028458732646
2302 1208.4036823501417
2303 1213.4545746908668
2304 1218.5513628625283
2305 1223.6894158516461
2306 1223.6894158516461
2307 1228.8636598634798
2308 1234.068617434164
2309 1239.2984571138416
2310 1244.5470528951523
2311 1244.5470528951523
2312 1249.8080520822855
2313 1255.0749498571756
2314 1259.9904032205834
2315 1264.550589666301
2316 1264.550589666301
2317 1269.1039163229866
2318 1273.6477036215538
2319 1278.179338247584
2320 1282.6962901437432
2321 1282.6962901437432
2322 1287.1961281382905
2323 1291.6765339830854
2324 1296.1353146309068
2325 1300.5704126311111
2326 1300.5704126311111
2327 1304.979914572544
2328 1309.3620575512373
2329 1313.6586565397706
2330 1317.8321552198518
2331 1317.8321552198518
2332 1321.8497748694194
2333 1325.6843542090423
2334 1329.3147326348574
2335 1332.725716647185
2336 1332.725716647185
2337 1335.6682433927883
2338 1338.1821548159876
2339 1340.3080969798527
2340 1342.0856453197669
2341 1342.0856453197669
2342 1343.552202547172
2343 1344.7424429881487
2344 1345.6881224220717
2345 1346.4181197121325
2346 1346.4181197121325
2347 1347.0921949354242
2348 1347.8329361453395
2349 1348.6151854678703
2350 1349.4140667639463
2351 1349.4140667639463
2352 1350.2056600361163
2353 1350.967605180558
2354 1351.6795984641717
2355 1352.323757831681
2356 1352.323757831681
2357 1352.8848474636395
2358 1353.3503655480645
2359 1353.890009540243
2360 1354.497168983732
2361 1354.497168983732
2362 1355.1659610756155
2363 1355.8911370921817
2364 1356.6680021739094
2365 1357.4923464378817
2366 1357.4923464378817
2367 1358.3603856987224
2368 1359.2687103476455
2369 1360.2142411673296
2370 1361.194191053013
2371 1361.194191053013
2372 1362.135150436305
2373 1363.0329049072516
2374 1363.8832037404545
2375 1364.68171220275
2376 1364.68171220275
2377 1365.4239703037867
2378 1366.1053566360656
2379 1366.7210564618858
2380 1367.2660336243423
2381 1367.2660336243423
2382 1367.735006229607
2383 1368.1224263987494
2384 1368.4224647427304
2385 1368.629000592332
2386 1368.629000592332
2387 1368.735619429712
2388 1368.8455712205807
2389 1368.958724603535
2390 1369.0749458008509
2391 1369.0749458008509
2392 1369.194098754343
2393 1369.316045258289
2394 1369.440645089453
2395 1369.5677561342754
2396 1369.5677561342754
2397 1369.6972345132926
2398 1369.8289347028835
2399 1369.9627096544384
2400 1370.098410911068
2401 1370.2933628946776
2402 1370.2933628946776
2403 1370.3749921546125
2404 1370.515569204817
2405 1370.6574669049915
2406 1370.6574669049915
2407 1370.8005314305765
2408 1370.9446082049317
2409 1371.0895420028114
2410 1371.2351770526152
2411 1371.2351770526152
2412 1371.381357137591
2413 1371.527925696182
2414 1371.6747259216997
2415 1371.8216008615211
2416 1371.8216008615211
2417 1371.9683935159974
2418 1372.1149469372717
2419 1372.2611043281977
2420 1372.4067091415545
2421 1372.4067091415545
2422 1372.5516051797495
2423 1372.8397526979431
2424 1372.9828553690618
2425 1373.1247900941228
2426 1373.1247900941228
2427 1373.2654030113247
2428 1373.4045411163918
2429 1373.5420523690464
2430 1373.6777858012322
2431 1373.8115916272402
2432 1373.8115916272402
2433 1373.9433213558993
2434 1374.0728279049688
2435 1374.1999657178703
2436 1374.3245908828876
2437 1374.3245908828876
2438 1374.452115884247
2439 1374.5823742718142
2440 1374.7102791317845
2441 1374.8409094056663
2442 1374.8409094056663
2443 1374.974093206961
2444 1375.1050866822948
2445 1375.238624528848
2446 1375.3699808623473
2447 1375.3699808623473
2448 1375.5038723091516
2449 1375.640121278984
2450 1375.7743562144915
2451 1375.9109382787492
2452 1375.9109382787492
2453 1376.0496850920995
2454 1376.1865888798616
2455 1376.32564594418
2456 1376.4628704848133
2457 1376.4628704848133
2458 1376.6022367315595
2459 1376.743557358914
2460 1376.883220116533
2461 1377.0248246768774
2462 1377.0248246768774
2463 1377.1681796738858
2464 1377.3100543862472
2465 1377.4536660282301
2466 1377.5988195900704
2467 1377.5988195900704
2468 1377.742673078426
2469 1377.888054137577
2470 1378.0347645293632
2471 1378.1803573720688
2472 1378.1803573720688
2473 1378.3272644516237
2474 1378.4752847333814
2475 1378.6242151114782
2476 1378.7723849818121
2477 1378.7723849818121
2478 1378.921448727345
2479 1379.069765784136
2480 1379.2189604444384
2481 1379.36882745556
2482 1379.36882745556
2483 1379.5181352820402
2484 1379.6680987670968
2485 1379.8175172057634
2486 1379.9675745729662
2487 1379.9675745729662
2488 1380.1180640346788
2489 1380.2681970782721
2490 1380.4178135252346
2491 1380.5680352094791
2492 1380.5680352094791
2493 1380.718655015149
2494 1380.8689470651623
2495 1381.019620162346
2496 1381.169979899637
2497 1381.169979899637
2498 1381.3207035875334
2499 1381.4715831879753
2500 1381.6224103702898
2501 1381.9235141384831
2502 1381.9235141384831
2503 1382.3735555791864
2504 1382.9702378760549
2505 1383.7101394716065
2506 1384.5885577855104
2507 1384.5885577855104
2508 1385.5993728841474
2509 1386.734941667722
2510 1387.9860336076779
2511 1389.1027181239288
2512 1389.1027181239288
2513 1390.0844700872105
2514 1390.9303709647122
2515 1391.6391854360654
2516 1392.2094436514278
2517 1392.2094436514278
2518 1392.6395311194606
2519 1392.9277880715497
2520 1393.072619903115
2521 1393.218036222964
2522 1393.218036222964
2523 1393.363881140499
2524 1393.5099984934664
2525 1393.6562319472666
2526 1393.8024250939336
2527 1393.8024250939336
2528 1393.9484215509656
2529 1394.094065060212
2530 1394.2391995869973
2531 1394.383669419679
2532 1394.383669419679
2533 1394.52731926983
2534 1394.6699943732258
2535 1394.8115405918327
2536 1394.9518045169675
2537 1394.9518045169675
2538 1395.090633573812
2539 1395.227876127452
2540 1395.3633815906078
2541 1395.4970005332148
2542 1395.4970005332148
2543 1395.6285847940094
2544 1395.7579875942615
2545 1395.8850636537895
2546 1396.009669309385
2547 1396.009669309385
2548 1396.1316626357586
2549 1396.2509035691119
2550 1396.367254033422
2551 1396.4805780695165
2552 1396.4805780695165
2553 1396.590741966998
2554 1396.697614399061
2555 1396.80106656023
2556 1396.9009723070237
2557 1396.9009723070237
2558 1396.9972083015336
2559 1397.0896541578857
2560 1397.1781925915282
2561 1397.262709571265
2562 1397.262709571265
2563 1397.3430944739314
2564 1397.4192402415822
2565 1397.4910435410343
2566 1397.5584049255776
2567 1397.5584049255776
2568 1397.621228998639
2569 1397.6794245791525
2570 1397.7329048683582
2571 1397.7815876177222
2572 1397.7815876177222
2573 1397.8253952976288
2574 1397.8642552664764
2575 1397.8980999397575
2576 1397.926866958685
2577 1397.926866958685
2578 1397.9504993578803
2579 1397.968945731612
2580 1397.9821603980372
2581 1397.990103560864
2582 1397.990103560864
2583 1397.992741467823
2584 1397.992741467823
2585 1397.992741467823
2586 1397.992741467823
2587 1397.992741467823
2588 1397.992741467823
2589 1397.992741467823
2590 1397.992741467823
2591 1397.992741467823
2592 1399.9038317053926
2593 1399.959813573119
2594 1400.0110964024252
2595 1400.0576005583323
2596 1400.099251149941
2597 1400.099251149941
2598 1400.1359781970705
2599 1400.1677167966504
2600 1400.194407288416
2601 1400.2159954194171
2602 1400.2159954194171
2603 1400.2324325068307
2604 1400.2436755985157
2605 1400.2496876307375
2606 1400.2504375824426
2607 1400.2504375824426
2608 1400.2504375824426
2609 1400.2504375824426
2610 1400.2504375824426
2611 1400.2504375824426
2612 1400.2504375824426
2613 1400.2504375824426
2614 1400.2504375824426
2615 1400.2504375824426
2616 1400.2504375824426
2617 1400.2504375824426
2618 1400.2504375824426
2619 1400.2504375824426
2620 1400.2504375824426
2621 1400.2504375824426
2622 1400.2504375824426
2623 1400.2504375824426
2624 1400.2504375824426
2625 1400.2504375824426
2626 1400.2504375824426
2627 1400.2504375824426
2628 1400.2504375824426
2629 1400.2504375824426
2630 1400.2504375824426
2631 1400.2504375824426
2632 1400.2504375824426
2633 1400.2504375824426
2634 1400.2504375824426
2635 1400.2504375824426
2636 1400.2504375824426
2637 1400.2504375824426
2638 1400.2504375824426
2639 1400.2504375824426
2640 1400.2504375824426
2641 1400.2504375824426
2642 1400.2504375824426
2643 1400.2504375824426
2644 1400.2504375824426
2645 1400.2778537933827
2646 1400.415080580568
2647 1400.415080580568
2648 1400.5568176867494
2649 1400.7028863674968
2650 1400.853099952665
2651 1401.0072641025222
2652 1401.0072641025222
2653 1401.165177089269
2654 1401.3266301035533
2655 1401.491407585439
2656 1401.659287579138
2657 1401.659287579138
2658 1401.8300421106474
2659 1402.0034375872997
2660 1402.1792352180732
2661 1402.357191453375
2662 1402.357191453375
2663 1402.537058442865
2664 1402.718584509767
2665 1402.9015146399945
2666 1403.0855909842996
2667 1403.0855909842996
2668 1403.2705533715716
2669 1403.456139831319
2670 1403.642087123301
2671 1403.8281312722238
2672 1403.8281312722238
2673 1404.014008105373
2674 1404.1994537910389
2675 1404.3842053755736
2676 1404.5680013169447
2677 1404.5680013169447
2678 1404.7505820126598
2679 1404.9316903199965
2680 1405.1110720665147
2681 1405.2884765489123
2682 1405.2884765489123
2683 1405.4636570183688
2684 1405.6363711506178
2685 1405.8063814991046
2686 1405.9734559297103
2687 1405.9734559297103
2688 1406.1373680356437
2689 1406.2978975312524
2690 1406.4548306236418
2691 1406.6079603611447
2692 1406.6079603611447
2693 1406.7570869578283
2694 1406.9020180933883
2695 1407.0425691879266
2696 1407.1785636512607
2697 1407.1785636512607
2698 1407.309833106567
2699 1407.4362175882984
2700 1407.5575657144582
2701 1407.6737348334505
2702 1407.6737348334505
2703 1407.7845911458433
2704 1407.8900098015072
2705 1407.989874972696
2706 1408.0840799037396
2707 1408.0840799037396
2708 1408.1725269381054
2709 1408.3374626399345
2710 1408.5659677091387
2711 1408.8443830013193
2712 1408.8443830013193
2713 1409.1585640882072
2714 1409.4941579923716
2715 1409.8368887840127
2716 1410.264589476621
2717 1410.264589476621
2718 1410.6819541067268
2719 1411.075614677448
2720 1411.4331452159927
2721 1411.7432408078923
2722 1411.7432408078923
2723 1412.1361744446747
2724 1412.5482558256347
2725 1412.9696638945848
2726 1413.391369138289
2727 1413.391369138289
2728 1413.8049466343084
2729 1414.202421064756
2730 1414.5761365580138
2731 1414.9186459976445
2732 1414.9186459976445
2733 1415.2226157905916
2734 1415.480743143507
2735 1415.685683750394
2736 1415.8299885171268
2737 1415.8299885171268
2738 1415.9060485933148
2739 1415.9860029079268
2740 1416.0697473437538
2741 1416.1571744931496
2742 1416.1571744931496
2743 1416.1571744931496
2744 1416.1571744931496
2745 1416.1571744931496
2746 1416.1571744931496
2747 1416.1571744931496
2748 1416.1571744931496
2749 1416.1571744931496
2750 1416.1571744931496
2751 1416.1571744931496
2752 1416.1571744931496
2753 1416.1571744931496
2754 1416.1705083348395
2755 1416.295002423245
2756 1416.4217037932406
2757 1416.4217037932406
2758 1416.5504702458838
2759 1416.6811581403226
2760 1416.8136225077067
2761 1416.9477171630292
2762 1416.9477171630292
2763 1417.0832948150248
2764 1417.2202071742665
2765 1417.3583050595967
2766 1417.4974385030498
2767 1417.4974385030498
2768 1417.6374568534197
2769 1417.7782088786344
2770 1417.9195428671062
2771 1418.0613067282266
2772 1418.0613067282266
2773 1418.2033480921793
2774 1418.3455144092497
2775 1418.4876530488066
2776 1418.6296113981375
2777 1418.6296113981375
2778 1418.771236961316
2779 1418.9123774582813
2780 1419.0528809243108
2781 1419.1925958100594
2782 1419.1925958100594
2783 1419.3313710823445
2784 1419.4690563258494
2785 1419.605501845909
2786 1419.740558772553
2787 1419.740558772553
2788 1419.874079165956
2789 1420.005916123456
2790 1420.1359238882892
2791 1420.263957960176
2792 1420.263957960176
2793 1420.3898752079003
2794 1420.5135339839985
2795 1420.6347942416774
2796 1420.753517654061
2797 1420.753517654061
2798 1420.8695677358617
2799 1420.9828099675526
2800 1421.0931119221066
2801 1421.2003433943557
2802 1421.2003433943557
2803 1421.3043765330037
2804 1421.4050859753097
2805 1421.5023489844457
2806 1421.5960455895065
2807 1421.5960455895065
2808 1421.6860587281346
2809 1421.7722743916984
2810 1421.8545817729416
2811 1421.9328734159965
2812 1421.9328734159965
2813 1422.0070453686264
2814 1422.0769973365475
2815 1422.1426328396353
2816 1422.2038593698107
2817 1422.2038593698107
2818 1422.2605885503604
2819 1422.3127362964228
2820 1422.360222976334
2821 1422.4029735735069
2822 1422.4029735735069
2823 1422.4409178484746
2824 1422.5071580474935
2825 1422.5920916687744
2826 1422.6860492794399
2827 1422.6860492794399
2828 1422.7791732154958
2829 1422.9241046417587
2830 1423.0595675379739
2831 1423.1750215235977
2832 1423.1750215235977
2833 1423.3573151017479
2834 1423.5106966335702
2835 1423.6230745997923
2836 1423.8193579322399
2837 1423.8193579322399
2838 1424.0936982419876
2839 1424.4201716791697
2840 1424.7875118327943
2841 1425.0743696535844
2842 1425.0743696535844
2843 1425.386259014397
2844 1425.7096743342843
2845 1426.0303721146681
2846 1426.3336416381976
2847 1426.3336416381976
2848 1426.6046009571837
2849 1426.8285035587412
2850 1426.9910400939204
2851 1427.0786200382433
2852 1427.0786200382433
2853 1427.172289455903
2854 1427.2719546552944
2855 1427.3775123367661
2856 1427.4888495956486
2857 1427.4888495956486
2858 1427.6058439488509
2859 1427.7283633859574
2860 1427.8562664456713
2861 1427.989402318344
2862 1427.989402318344
2863 1428.127610975226
2864 1428.2707233249478
2865 1428.4185613976128
2866 1428.5709385567375
2867 1428.5709385567375
2868 1428.727659739132
2869 1428.888521722654
2870 1429.0533134216096
2871 1429.221816209405
2872 1429.221816209405
2873 1429.3938042678888
2874 1429.5690449626477
2875 1429.7472992433518
2876 1429.928322068072
2877 1429.928322068072
2878 1430.1118628503332
2879 1430.2976659274943
2880 1430.485471048909
2881 1430.6750138821599
2882 1430.6750138821599
2883 1430.866026535537
2884 1431.0582380948028
2885 1431.2513751721765
2886 1431.4451624653839
2887 1431.4451624653839
2888 1431.6393233245328
2889 1431.8335803245152
2890 1432.027655840599
2891 1432.221272624841
2892 1432.221272624841
2893 1432.4141543809492
2894 1432.6060263352324
2895 1432.796615801313
2896 1432.985652736316
2897 1432.985652736316
2898 1433.1728702863234
2899 1433.3580053189605
2900 1433.540798941084
2901 1433.720996999648
2902 1433.720996999648
2903 1433.898350563957
2904 1434.0726163876498
2905 1434.2435573489017
2906 1434.4109428674974
2907 1434.4109428674974
2908 1434.574549297582
2909 1434.7341602950644
2910 1434.889567158824
2911 1435.0405691450374
2912 1435.0405691450374
2913 1435.186973754112
2914 1435.3285969898864
2915 1435.4652635909222
2916 1435.596807233864
2917 1435.596807233864
2918 1435.7230707090112
2919 1435.843906068381
2920 1435.959174746683
2921 1436.068747655755
2922 1436.068747655755
2923 1436.172505253131
2924 1436.2703375855103
2925 1436.3621443080049
2926 1436.4478346801216
2927 1436.4478346801216
2928 1436.5273275395102
2929 1436.600551254575
2930 1436.6674436570918
2931 1436.7279519560254
2932 1436.7279519560254
2933 1436.7820326337587
2934 1436.877098472539
2935 1436.9995682413862
2936 1437.1356528262752
2937 1437.1356528262752
2938 1437.2716413932117
2939 1437.3941815482603
2940 1437.4905397295595
2941 1437.548829879354
2942 1437.548829879354
2943 1437.55820123964
2944 1437.55820123964
2945 1437.55820123964
2946 1437.55820123964
2947 1437.55820123964
2948 1437.55820123964
2949 1437.55820123964
2950 1437.55820123964
2951 1437.55820123964
2952 1437.55820123964
2953 1437.55820123964
2954 1437.55820123964
2955 1437.55820123964
2956 1437.55820123964
2957 1437.55820123964
2958 1437.55820123964
2959 1437.55820123964
2960 1437.55820123964
2961 1437.55820123964
2962 1437.55820123964
2963 1437.55820123964
2964 1437.55820123964
2965 1437.55820123964
2966 1437.55820123964
2967 1437.55820123964
2968 1437.55820123964
2969 1437.5932393759456
2970 1437.6602953896615
2971 1437.7314844796506
2972 1437.7314844796506
2973 1437.8067101976549
2974 1437.885872459094
2975 1437.968867693049
2976 1438.0555889904729
2977 1438.0555889904729
2978 1438.1459262504577
2979 1438.2397663244233
2980 1438.3369931581117
2981 1438.4374879312904
2982 1438.4374879312904
2983 1438.5411291951023
2984 1438.6477930070018
2985 1438.757353063258
2986 1438.869680829005
2987 1438.869680829005
2988 1438.9846456658506
2989 1439.1021149570668
2990 1439.2219542303974
2991 1439.344027278539
2992 1439.344027278539
2993 1439.4681962773593
2994 1439.594321901938
2995 1439.7222634405114
2996 1439.8518789064321
2997 1439.8518789064321
2998 1439.9830251482513
2999 1440.1155579580393
3000 225.07803862018187
3001 225.07803862018187
3002 225.07803862018187
3003 225.89122602788717
3004 225.89122602788717
3005 225.89122602788717
3006 225.89122602788717
3007 225.89122602788717
3008 225.89122602788717
3009 225.89122602788717
3010 225.89122602788717
3011 225.89122602788717
3012 225.89122602788717
3013 225.89122602788717
3014 225.89122602788717
3015 225.89122602788717
3016 248.99741978502834
3017 252.94695765694217
3018 256.9028077982806
3019 260.864180663271
3020 264.83026781868995
3021 264.83026781868995
3022 268.8002445564875
3023 272.7732726349693
3024 276.7485031282075
3025 280.7250793617374
3026 280.7250793617374
3027 284.70213991129623
3028 288.67882164039787
3029 296.25465124200343
3030 299.49493362963244
3031 299.49493362963244
3032 302.37178496812345
3033 304.88715781146334
3034 307.04242770832593
3035 308.83832516306006
3036 308.83832516306006
3037 310.2750055119702
3038 311.3522555099321
3039 312.0698379171521
3040 312.4279758593788
3041 312.4279758593788
3042 312.78507188640117
3043 313.14081375401236
3044 313.49488904913
3045 313.8469851568032
3046 313.8469851568032
3047 314.19678923092886
3048 314.5439881694049
3049 314.8882685944648
3050 315.22931683895877
3051 315.22931683895877
3052 315.5668189393654
3053 315.900460636345
3054 316.22992738367
3055 316.5549043663967
3056 316.5549043663967
3057 316.87507652917134
3058 317.19012861559645
3059 317.5616785102361
3060 318.52612095286014
3061 318.52612095286014
3062 319.80266206692374
3063 321.3922245341428
3064 323.38170519153596
3065 325.71381365099955
3066 325.71381365099955
3067 328.5055506490027
3068 331.32735790129766
3069 334.1942503199608
3070 337.5561080155699
3071 337.5561080155699
3072 340.9664904200991
3073 344.42771068240177
3074 348.037071367016
3075 351.772482690474
3076 351.772482690474
3077 355.6079577095011
3078 359.5142074400723
3079 363.459493380101
3080 382.6082371382856
3081 382.6082371382856
3082 382.9841400588273
3083 383.3508087515837
3084 383.7077100539843
3085 384.05433839465553
3086 384.05433839465553
3087 384.39021662593706
3088 384.7148966957412
3089 385.02796016143895
3090 385.3290185498388
3091 385.3290185498388
3092 385.6177135685665
3093 385.89371717525165
3094 386.1567315118678
3095 386.4064887123576
3096 386.4064887123576
3097 386.64275059230164
3098 386.86530822986424
3099 387.0739814475751
3100 387.46184691617725
3101 387.46184691617725
3102 387.9952698841815
3103 388.6377055010567
3104 389.35116015421005
3105 390.0977406123153
3106 390.0977406123153
3107 390.84114635327
3108 391.54797069613795
3109 392.18870889309017
3110 392.7384176584228
3111 392.7384176584228
3112 393.17701958057984
3113 393.7058982091939
3114 394.31566757684624
3115 394.99815803425776
3116 394.99815803425776
3117 395.7462308476227
3118 396.55362460834203
3119 397.4148275031264
3120 398.32497067239825
3121 398.32497067239825
3122 399.2797388247365
3123 400.275295022659
3124 401.3082171497617
3125 402.3754440429654
3126 402.3754440429654
3127 403.4742296517182
3128 404.6021038885344
3129 405.75683907801147
3130 406.936421106876
3131 406.936421106876
3132 408.13902453541886
3133 409.36299105855716
3134 410.66355174796405
3135 411.9243009253871
3136 411.9243009253871
3137 413.2023206182431
3138 414.4964530323505
3139 415.8056352263679
3140 417.12888947130216
3141 417.12888947130216
3142 418.34553426551037
3143 419.4551017082522
3144 420.4562401534539
3145 421.34679336275445
3146 421.34679336275445
3147 422.12386371207344
3148 422.7838646518931
3149 423.3225670047374
3150 424.0364553933528
3151 424.0364553933528
3152 424.9769645258534
3153 425.7951089909132
3154 426.48788366796634
3155 427.0516237018586
3156 427.0516237018586
3157 427.4820657128302
3158 427.7744121715851
3159 427.9234036150653
3160 428.07518538916895
3161 428.07518538916895
3162 428.2295890924927
3163 428.386444757441
3164 428.5455809730575
3165 428.70682500434395
3166 428.70682500434395
3167 428.8700029082812
3168 429.03493964677307
3169 429.20145919674866
3170 429.3693846576615
3171 429.3693846576615
3172 429.53853835663216
3173 429.7087419514871
3174 429.87981653195277
3175 430.0515827192651
3176 430.0515827192651
3177 430.2238607644627
3178 430.39647064562996
3179 430.7419864110229
3180 442.82602818126264
3181 442.82602818126264
3182 444.51295405829825
3183 446.20014534457067
3184 448.0362588302525
3185 449.8718039258721
3186 449.8718039258721
3187 451.5404304746786
3188 453.0428274150973
3189 454.37927715715085
3190 455.54972875119086
3191 455.54972875119086
3192 456.5538820745142
3193 457.3912842167494
3194 458.0614392306048
3195 458.56393221772527
3196 458.56393221772527
3197 458.8985683006461
3198 459.06552634951134
3199 459.2319335471604
3200 459.39761482675766
3201 459.39761482675766
3202 459.5623955247548
3203 459.79928464282375
3204 461.1390655970516
3205 462.3115990442659
3206 462.3115990442659
3207 463.3165840652664
3208 464.1536847692711
3209 464.8226412959161
3210 465.3233955686073
3211 465.3233955686073
3212 465.65623158529394
3213 465.8219291969795
3214 465.9866962382812
3215 466.15035850349835
3216 466.15035850349835
3217 466.3127424074415
3218 466.4736750880797
3219 466.63298451103685
3220 466.79049957617684
3221 466.79049957617684
3222 466.94605022650927
3223 467.09946755964637
3224 467.25058394202597
3225 467.39923312611717
3226 467.39923312611717
3227 467.54525037080714
3228 467.6884725651626
3229 467.82873835574696
3230 467.965888277659
3231 467.965888277659
3232 468.0997648894507
3233 468.23021291205765
3234 468.3570793718698
3235 468.48021374804273
3236 468.48021374804273
3237 468.59946812413466
3238 468.71469734413404
3239 468.8257591729147
3240 468.9325144611371
3241 468.9325144611371
3242 469.03482731458297
3243 469.13256526788444
3244 469.22559946257803
3245 469.3138048293827
3246 469.3138048293827
3247 469.3970602745665
3248 469.4752488702294
3249 469.5482580482956
3250 470.6239280968706
3251 470.6239280968706
3252 470.78432398804534
3253 470.9431469231444
3254 470.9431469231444
3255 470.9431469231444
3256 470.9431469231444
3257 470.9431469231444
3258 470.9431469231444
3259 470.9431469231444
3260 470.9431469231444
3261 470.9431469231444
3262 470.9431469231444
3263 470.9431469231444
3264 470.9431469231444
3265 470.9431469231444
3266 470.9431469231444
3267 470.9431469231444
3268 470.9431469231444
3269 470.9431469231444
3270 470.9431469231444
3271 470.9431469231444
3272 470.9431469231444
3273 470.9431469231444
3274 470.9431469231444
3275 470.9431469231444
3276 470.9431469231444
3277 470.9431469231444
3278 470.9431469231444
3279 470.9431469231444
3280 470.9431469231444
3281 470.9431469231444
3282 470.9431469231444
3283 470.9431469231444
3284 470.9431469231444
3285 470.9431469231444
3286 470.9431469231444
3287 470.9431469231444
3288 470.9431469231444
3289 470.9431469231444
3290 471.51755258037014
3291 471.51755258037014
3292 471.6036722773678
3293 471.6848197801222
3294 471.7608802112374
3295 471.8317431128297
3296 472.78199182276984
3297 472.7909102335156
3298 472.79366590289874
3299 472.79366590289874
3300 472.79366590289874
3301 472.79366590289874
3302 472.79366590289874
3303 472.79366590289874
3304 472.80021516027125
3305 472.8933305514107
3306 472.8933305514107
3307 472.9816316993105
3308 473.06499753854905
3309 473.14331115597196
3310 473.21645998407655
3311 474.03829247091204
3312 474.03829247091204
3313 474.03829247091204
3314 474.03829247091204
3315 474.03829247091204
3316 474.03829247091204
3317 474.03829247091204
3318 474.03829247091204
3319 474.049935964869
3320 474.049935964869
3321 474.049935964869
3322 474.049935964869
3323 474.049935964869
3324 474.20531455593516
3325 474.39228027673954
3326 474.39228027673954
3327 474.5781301290656
3328 474.7626014635558
3329 474.94543443321174
3330 475.1263725091606
3331 475.1263725091606
3332 475.3051629833296
3333 475.481557456168
3334 475.6553123076682
3335 475.8261891500603
3336 475.8261891500603
3337 475.9939552606845
3338 476.1583839936894
3339 476.3192551693498
3340 476.4763554399494
