size = 
5 2 1 4 4 
fitness = 
392.8986221170093
layer nr. 1
-0.12915499  0.00000000  
0.00000000  0.00000000  
0.17518733  0.00000000  
-0.82810548  0.33702624  
0.58268838  0.00000000  
0.63528935  -0.04026082  
layer nr. 2
0.31427053  
0.28243055  
0.00000000  
-0.05322670  
0.00000000  
0.00000000  
0.00000000  
0.18554871  
layer nr. 3
0.00000000  0.00000000  0.10856467  -0.05592847  
0.00000000  0.00000000  1.70195331  0.05444696  
0.00000000  0.24448808  0.00000000  0.56537034  
0.00000000  0.00000000  0.00000000  0.00000000  
0.00000000  0.31520141  0.00000000  0.00000000  
-0.24491213  0.00000000  0.00000000  0.00000000  
0.01988857  0.00000000  0.13553779  0.00000000  
0.69061520  0.42543894  0.00000000  0.00000000  
-0.03910230  0.00000000  0.00000000  0.00000000  
layer nr. 4
0.96115779  0.77986159  1.21897498  -0.53234208  
-0.39157344  -0.27872017  0.00000000  0.00000000  
-0.59788381  0.25751799  0.00000000  -0.25049035  
0.08731472  0.24826114  0.00000000  1.46711626  
0.25621354  0.00000000  0.75745488  0.92930767  
0.00000000  -0.82088336  0.34962416  0.00000000  
0.00000000  -0.01950920  0.00000000  -1.09636703  
-0.17949729  0.00000000  0.00000000  0.00000000  
0.00000000  0.00000000  -0.55659934  0.00000000  
0.00000000  0.00000000  0.00000000  0.00000000  
0.00000000  -0.49949451  0.00000000  0.00000000  
0.00000000  0.00000000  -0.61697007  -0.17532899  
0.00000000  0.00000000  0.00000000  0.37222532  
