size = 
5 1 2 3 4 
fitness = 
2497.8294736651283
layer nr. 1
-1.08939561  
-0.58166760  
0.99392846  
0.00000000  
-0.04363543  
0.00000000  
layer nr. 2
0.12445153  0.00000000  
0.00000000  0.00000000  
-0.31048596  0.00000000  
0.00000000  0.00000000  
0.01376319  0.00000000  
-0.68079020  0.00000000  
0.00000000  0.00000000  
layer nr. 3
0.71299579  0.00000000  0.00000000  
0.00000000  0.00000000  0.00000000  
0.29489142  0.00000000  -0.04205446  
0.00000000  0.00000000  0.00000000  
1.31888449  0.00000000  0.00000000  
0.00000000  0.00000000  0.00000000  
-0.02968470  0.00000000  0.00000000  
0.00000000  0.00000000  0.00000000  
0.00000000  0.00000000  0.00000000  
layer nr. 4
-0.89314860  -1.07979841  -0.59726096  0.00000000  
-1.00727320  1.03076546  -0.04622454  -0.06871057  
0.19138991  1.31464281  -0.75474850  0.00000000  
0.00000000  0.00000000  1.23612015  -1.16122052  
-0.24614919  -0.94406799  -1.91230294  -0.09543479  
0.14124040  -1.42616054  -1.77061325  -0.03877551  
0.00000000  1.10049460  0.00000000  0.00000000  
-0.77292400  0.00000000  0.00000000  0.00000000  
0.00000000  0.00000000  0.28858868  0.00000000  
0.00000000  0.23280551  1.18853544  1.46804809  
0.00000000  0.00000000  0.00000000  0.00000000  
0.00000000  0.00000000  0.00000000  0.00000000  
