size = 
5 2 1 2 4 
fitness = 
511.59856793906863
layer nr. 1
0.00000000  0.00000000  
0.00000000  0.00000000  
-0.03320627  1.47669166  
-1.08589401  0.09998084  
-0.29352149  0.00000000  
0.00000000  0.83717759  
layer nr. 2
0.00000000  
0.00000000  
0.00000000  
0.00000000  
-0.10040894  
-0.20485681  
0.00000000  
0.00000000  
layer nr. 3
0.00000000  0.94327993  
0.00000000  0.01872018  
0.00000000  0.00000000  
0.12977733  0.00000000  
-0.38643332  -0.59282225  
0.00000000  0.00000000  
0.00000000  0.00000000  
-0.05695535  0.00000000  
0.00000000  0.00000000  
layer nr. 4
0.00000000  0.00000000  0.46625580  0.00000000  
-0.98211901  0.57049726  -1.22415063  1.33845657  
-0.23548800  -0.16536772  0.84866143  -0.71882450  
0.00000000  0.00000000  0.00000000  0.00000000  
-0.45489888  -1.23052528  0.00000000  0.00000000  
0.19204451  -0.73730566  -0.53841986  1.08068043  
-0.36282508  0.00000000  0.00000000  0.60374479  
0.00000000  0.00000000  0.00000000  0.00000000  
0.00000000  0.00000000  0.00000000  0.00000000  
0.00000000  0.00000000  0.00000000  0.00000000  
0.00000000  0.00000000  -0.24372064  0.00000000  
