0 0.0
1 125.13959046020938
2 147.26533037684058
3 147.26533037684058
4 147.26533037684058
5 147.26533037684058
6 159.79695383115342
7 174.21004642165227
8 174.21004642165227
9 174.21004642165227
10 174.21004642165227
11 257.7786071953904
12 257.7786071953904
13 257.7786071953904
14 257.7786071953904
15 257.7786071953904
16 257.7786071953904
17 257.7786071953904
18 257.7786071953904
19 257.7786071953904
20 257.7786071953904
21 257.7786071953904
22 258.7417919404779
23 326.7081276998532
24 326.7081276998532
25 326.7081276998532
26 326.7081276998532
27 326.7081276998532
28 326.7081276998532
29 326.7081276998532
30 326.7081276998532
31 362.84974422656677
32 362.84974422656677
33 362.84974422656677
34 362.84974422656677
35 362.84974422656677
36 362.84974422656677
37 362.84974422656677
38 362.84974422656677
39 362.84974422656677
40 362.84974422656677
41 362.84974422656677
42 362.84974422656677
43 362.84974422656677
44 362.84974422656677
45 362.84974422656677
46 362.84974422656677
47 362.84974422656677
48 362.84974422656677
49 362.84974422656677
50 362.84974422656677
51 362.84974422656677
52 362.84974422656677
53 362.84974422656677
54 362.84974422656677
55 362.84974422656677
56 362.84974422656677
57 362.84974422656677
58 362.84974422656677
59 362.9593194109466
60 362.9593194109466
61 396.80787289347234
62 396.80787289347234
63 396.80787289347234
64 396.80787289347234
65 396.80787289347234
66 396.80787289347234
67 396.80787289347234
68 444.1656087351067
69 444.1656087351067
70 444.1656087351067
71 444.1656087351067
72 444.1656087351067
73 444.1656087351067
74 444.1656087351067
75 444.1656087351067
76 444.1656087351067
77 444.1656087351067
78 444.1656087351067
79 444.1656087351067
80 444.1656087351067
81 444.1656087351067
82 444.1656087351067
83 444.1656087351067
84 444.1656087351067
85 444.1656087351067
86 444.1656087351067
87 444.1656087351067
88 444.1656087351067
89 444.1656087351067
90 444.1656087351067
91 444.1656087351067
92 469.1577751275842
93 469.1577751275842
94 469.1577751275842
95 469.1577751275842
96 469.1577751275842
97 469.1577751275842
98 469.1577751275842
99 469.1577751275842
100 473.70712307541476
101 473.70712307541476
102 473.70712307541476
103 473.70712307541476
104 473.70712307541476
105 473.70712307541476
106 473.70712307541476
107 473.70712307541476
108 474.68877582312905
109 474.68877582312905
110 474.68877582312905
111 474.68877582312905
112 474.68877582312905
113 474.68877582312905
114 474.68877582312905
115 474.68877582312905
116 510.98209530338295
117 510.98209530338295
118 510.98209530338295
119 510.98209530338295
120 510.98209530338295
121 510.98209530338295
122 510.98209530338295
123 510.98209530338295
124 510.98209530338295
125 510.98209530338295
126 510.98209530338295
127 510.98209530338295
128 510.98209530338295
129 510.98209530338295
130 510.98209530338295
131 510.98209530338295
132 510.98209530338295
133 510.98209530338295
134 510.98209530338295
135 510.98209530338295
136 510.98209530338295
137 510.98209530338295
138 510.98209530338295
139 510.98209530338295
140 510.98209530338295
141 510.98209530338295
142 510.98209530338295
143 510.98209530338295
144 510.98209530338295
145 510.98209530338295
146 510.98209530338295
147 510.98209530338295
148 510.98209530338295
149 510.98209530338295
150 510.98209530338295
151 510.98209530338295
152 510.98209530338295
153 510.98209530338295
154 510.98209530338295
155 510.98209530338295
156 510.98209530338295
157 510.98209530338295
158 510.98209530338295
159 510.98209530338295
160 510.98209530338295
161 510.98209530338295
162 510.98209530338295
163 510.98209530338295
164 510.98209530338295
165 510.98209530338295
166 510.98209530338295
167 510.98209530338295
168 510.98209530338295
169 510.98209530338295
170 510.98209530338295
171 510.98209530338295
172 510.98209530338295
173 510.98209530338295
174 510.98209530338295
175 510.98209530338295
176 510.98209530338295
177 510.98209530338295
178 510.98209530338295
179 510.98209530338295
180 510.98209530338295
181 510.98209530338295
182 510.98209530338295
183 510.98209530338295
184 511.31566750738335
185 511.31566750738335
186 511.31566750738335
187 511.31566750738335
188 511.31566750738335
189 511.31566750738335
190 511.31566750738335
191 511.59856793906863
192 511.59856793906863
193 511.59856793906863
194 511.59856793906863
195 511.59856793906863
196 511.59856793906863
197 511.59856793906863
198 511.59856793906863
199 511.59856793906863
