size = 
5 1 1 0 4 
fitness = 
136.77216148299638
layer nr. 1
0.00000000  
0.00000000  
0.00000000  
0.00000000  
1.75875935  
0.00000000  
layer nr. 2
0.91394633  
0.00000000  
0.00000000  
-1.60168580  
0.00000000  
0.00000000  
2.11723022  
layer nr. 3
no neurons 
layer nr. 4
0.00000000  0.00000000  0.00000000  0.64553208  
-0.32236841  0.00000000  0.00000000  0.44847499  
0.00000000  0.00000000  0.65668997  0.00000000  
-1.36785679  0.00000000  1.46621222  0.77147042  
1.81846814  0.00000000  0.00000000  0.00000000  
0.00000000  -1.18655170  0.04261038  0.00000000  
-1.11181809  0.00000000  0.00000000  0.00000000  
0.00000000  -0.31412292  0.07722179  -1.54259102  
