0 0.0
1 472.21668272395726
2 472.21668272395726
3 472.21668272395726
4 472.21668272395726
5 1114.7141057184033
6 1114.7141057184033
7 1114.7141057184033
8 1114.7141057184033
9 1114.7141057184033
10 1114.7141057184033
11 1146.4866188386857
12 1146.4866188386857
13 1146.4866188386857
14 1146.4866188386857
15 1146.4866188386857
16 1146.4866188386857
17 1146.4866188386857
18 1146.4866188386857
19 1146.4866188386857
20 1146.4866188386857
21 1146.4866188386857
22 1146.4866188386857
23 1146.4866188386857
24 1146.4866188386857
25 1146.4866188386857
26 1146.4866188386857
27 1146.4866188386857
28 1146.4866188386857
29 1146.4866188386857
30 1146.4866188386857
31 1146.4866188386857
32 1146.4866188386857
33 1150.5763488415053
34 1150.5763488415053
35 1150.5763488415053
36 1156.5924700271203
37 1156.5924700271203
38 1341.6053011344543
39 1341.6053011344543
40 1341.6053011344543
41 1341.6053011344543
42 1341.6053011344543
43 1341.6053011344543
44 1341.6053011344543
45 1405.558123912496
46 1405.558123912496
47 1405.558123912496
48 1405.558123912496
49 1489.1257106772666
50 1489.1257106772666
51 1489.1257106772666
52 1489.1257106772666
53 1489.1257106772666
54 1489.1257106772666
55 1489.1257106772666
56 1489.1257106772666
57 1727.0568117190705
58 1727.0568117190705
59 1727.0568117190705
60 1727.0568117190705
61 1890.58441776445
62 1890.58441776445
63 1890.58441776445
64 1890.58441776445
65 1890.58441776445
66 1890.58441776445
67 2017.1547413053404
68 2017.1547413053404
69 2017.1547413053404
70 2017.1547413053404
71 2017.1547413053404
72 2017.1547413053404
73 2017.1547413053404
74 2017.1547413053404
75 2017.1547413053404
76 2017.1547413053404
77 2017.1547413053404
78 2017.1547413053404
79 2017.1547413053404
80 2017.1547413053404
81 2017.1547413053404
82 2017.1547413053404
83 2017.1547413053404
84 2017.1547413053404
85 2017.1547413053404
86 2017.1547413053404
87 2017.1547413053404
88 2036.7342454497577
89 2036.7342454497577
90 2036.7342454497577
91 2036.7342454497577
92 2036.7342454497577
93 2036.7342454497577
94 2036.7342454497577
95 2036.7342454497577
96 2036.7342454497577
97 2036.7342454497577
98 2036.7342454497577
99 2036.7342454497577
100 2036.7342454497577
101 2036.7342454497577
102 2036.7342454497577
103 2036.7342454497577
104 2036.7342454497577
105 2039.1153391303278
106 2039.1153391303278
107 2039.1153391303278
108 2039.1153391303278
109 2039.1153391303278
110 2039.1153391303278
111 2039.1153391303278
112 2039.1153391303278
113 2052.0099473782248
114 2052.0099473782248
115 2052.0099473782248
116 2052.0099473782248
117 2052.0099473782248
118 2052.0099473782248
119 2052.0099473782248
120 2052.0099473782248
121 2052.0099473782248
122 2052.0099473782248
123 2052.0099473782248
124 2052.0099473782248
125 2052.0099473782248
126 2110.400238705521
127 2120.955078355
128 2120.955078355
129 2120.955078355
130 2120.955078355
131 2120.955078355
132 2120.955078355
133 2120.955078355
134 2120.955078355
135 2120.955078355
136 2120.955078355
137 2120.955078355
138 2120.955078355
139 2120.955078355
140 2120.955078355
141 2120.955078355
142 2120.955078355
143 2120.955078355
144 2120.955078355
145 2120.955078355
146 2120.955078355
147 2308.319030677958
148 2308.319030677958
149 2308.319030677958
150 2308.319030677958
151 2308.319030677958
152 2308.319030677958
153 2308.319030677958
154 2308.319030677958
155 2335.0669559053467
156 2335.0669559053467
157 2335.0669559053467
158 2335.0669559053467
159 2335.0669559053467
160 2335.0669559053467
161 2335.0669559053467
162 2335.0669559053467
163 2335.0669559053467
164 2335.0669559053467
165 2335.0669559053467
166 2335.0669559053467
167 2335.0669559053467
168 2335.0669559053467
169 2335.0669559053467
170 2335.0669559053467
171 2335.0669559053467
172 2335.0669559053467
173 2341.957561585821
174 2341.957561585821
175 2341.957561585821
176 2341.957561585821
177 2341.957561585821
178 2341.957561585821
179 2341.957561585821
180 2341.957561585821
181 2341.957561585821
182 2341.957561585821
183 2341.957561585821
184 2341.957561585821
185 2341.957561585821
186 2341.957561585821
187 2343.1670488735604
188 2343.1670488735604
189 2343.1670488735604
190 2343.1670488735604
191 2343.1670488735604
192 2343.1670488735604
193 2355.038340946132
194 2355.038340946132
195 2360.880345766791
196 2360.880345766791
197 2360.880345766791
198 2360.880345766791
199 2360.880345766791
200 2360.880345766791
201 2360.880345766791
202 2360.880345766791
203 2360.880345766791
204 2360.880345766791
205 2360.880345766791
206 2360.880345766791
207 2360.880345766791
208 2360.880345766791
209 2360.880345766791
210 2360.880345766791
211 2360.880345766791
212 2360.880345766791
213 2360.880345766791
214 2360.880345766791
215 2360.880345766791
216 2360.880345766791
217 2360.880345766791
218 2360.880345766791
219 2378.94274733706
220 2378.94274733706
221 2378.94274733706
222 2378.94274733706
223 2378.94274733706
224 2378.94274733706
225 2378.94274733706
226 2378.94274733706
227 2378.94274733706
228 2378.94274733706
229 2390.427365089471
230 2390.427365089471
231 2390.427365089471
232 2390.427365089471
233 2390.427365089471
234 2390.427365089471
235 2390.427365089471
236 2390.427365089471
237 2390.427365089471
238 2390.427365089471
239 2390.427365089471
240 2390.427365089471
241 2390.427365089471
242 2390.427365089471
243 2390.427365089471
244 2390.427365089471
245 2390.427365089471
246 2390.427365089471
247 2390.427365089471
248 2390.427365089471
249 2390.427365089471
250 2390.427365089471
251 2390.427365089471
252 2390.427365089471
253 2390.427365089471
254 2390.427365089471
255 2390.427365089471
256 2390.427365089471
257 2390.427365089471
258 2390.427365089471
259 2390.427365089471
260 2390.427365089471
261 2390.427365089471
262 2390.427365089471
263 2390.427365089471
264 2390.427365089471
265 2390.427365089471
266 2390.427365089471
267 2390.427365089471
268 2390.427365089471
269 2390.427365089471
270 2390.427365089471
271 2390.427365089471
272 2390.427365089471
273 2390.427365089471
274 2390.427365089471
275 2390.427365089471
276 2390.427365089471
277 2390.427365089471
278 2390.427365089471
279 2390.427365089471
280 2390.427365089471
281 2390.427365089471
282 2390.427365089471
283 2390.427365089471
284 2390.427365089471
285 2390.427365089471
286 2390.427365089471
287 2390.427365089471
288 2390.427365089471
289 2390.427365089471
290 2390.427365089471
291 2390.427365089471
292 2390.427365089471
293 2390.427365089471
294 2390.427365089471
295 2390.427365089471
296 2390.427365089471
297 2390.427365089471
298 2390.427365089471
299 2390.427365089471
300 2390.427365089471
301 2390.427365089471
302 2390.427365089471
303 2390.427365089471
304 2390.427365089471
305 2390.427365089471
306 2390.427365089471
307 2390.427365089471
308 2390.427365089471
309 2390.427365089471
310 2390.427365089471
311 2390.427365089471
312 2390.427365089471
313 2390.427365089471
314 2390.427365089471
315 2390.427365089471
316 2390.427365089471
317 2390.427365089471
318 2390.427365089471
319 2390.427365089471
320 2390.427365089471
321 2390.427365089471
322 2390.427365089471
323 2390.427365089471
324 2390.427365089471
325 2390.427365089471
326 2390.427365089471
327 2390.427365089471
328 2390.427365089471
329 2390.427365089471
330 2390.427365089471
331 2390.427365089471
332 2390.427365089471
333 2390.427365089471
334 2390.427365089471
335 2390.427365089471
336 2390.427365089471
337 2420.8514143133557
338 2420.8514143133557
339 2420.8514143133557
340 2420.8514143133557
341 2420.8514143133557
342 2420.8514143133557
343 2420.8514143133557
344 2420.8514143133557
345 2420.8514143133557
346 2420.8514143133557
347 2420.8514143133557
348 2420.8514143133557
349 2420.8514143133557
350 2420.8514143133557
351 2420.8514143133557
352 2420.8514143133557
353 2420.8514143133557
354 2470.6565927910247
355 2470.6565927910247
356 2470.6565927910247
357 2470.6565927910247
358 2470.6565927910247
359 2470.6565927910247
360 2470.6565927910247
361 2470.6565927910247
362 2470.6565927910247
363 2470.6565927910247
364 2470.6565927910247
365 2470.6565927910247
366 2470.6565927910247
367 2470.6565927910247
368 2470.6565927910247
369 2470.6565927910247
370 2470.6565927910247
371 2470.6565927910247
372 2470.6565927910247
373 2470.6565927910247
374 2470.6565927910247
375 2483.636902062102
376 2483.636902062102
377 2483.636902062102
378 2483.636902062102
379 2483.636902062102
380 2483.636902062102
381 2483.636902062102
382 2483.636902062102
383 2483.636902062102
384 2483.636902062102
385 2483.636902062102
386 2483.636902062102
387 2483.636902062102
388 2483.636902062102
389 2483.636902062102
390 2483.636902062102
391 2483.636902062102
392 2483.636902062102
393 2483.636902062102
394 2483.636902062102
395 2483.636902062102
396 2483.636902062102
397 2483.636902062102
398 2483.636902062102
399 2483.636902062102
400 2483.636902062102
401 2483.636902062102
402 2483.636902062102
403 2483.636902062102
404 2483.636902062102
405 2483.636902062102
406 2483.636902062102
407 2483.636902062102
408 2483.636902062102
409 2483.636902062102
410 2483.636902062102
411 2483.636902062102
412 2483.636902062102
413 2483.636902062102
414 2483.636902062102
415 2483.636902062102
416 2483.636902062102
417 2483.636902062102
418 2483.636902062102
419 2483.636902062102
420 2483.636902062102
421 2483.636902062102
422 2483.636902062102
423 2483.636902062102
424 2483.636902062102
425 2483.636902062102
426 2483.636902062102
427 2483.636902062102
428 2483.636902062102
429 2483.636902062102
430 2483.636902062102
431 2483.636902062102
432 2483.636902062102
433 2483.636902062102
434 2483.636902062102
435 2483.636902062102
436 2483.636902062102
437 2483.636902062102
438 2483.636902062102
439 2483.636902062102
440 2483.636902062102
441 2483.636902062102
442 2483.636902062102
443 2483.636902062102
444 2483.636902062102
445 2483.636902062102
446 2483.636902062102
447 2483.636902062102
448 2483.636902062102
449 2483.636902062102
450 2483.636902062102
451 2483.636902062102
452 2483.636902062102
453 2483.636902062102
454 2483.636902062102
455 2483.636902062102
456 2483.636902062102
457 2483.636902062102
458 2483.636902062102
459 2483.636902062102
460 2483.636902062102
461 2483.636902062102
462 2483.636902062102
463 2483.636902062102
464 2483.636902062102
465 2483.636902062102
466 2483.636902062102
467 2483.636902062102
468 2483.636902062102
469 2483.636902062102
470 2483.636902062102
471 2483.636902062102
472 2483.636902062102
473 2483.636902062102
474 2483.636902062102
475 2483.636902062102
476 2483.636902062102
477 2483.636902062102
478 2483.636902062102
479 2483.636902062102
480 2483.636902062102
481 2483.636902062102
482 2483.636902062102
483 2483.636902062102
484 2483.636902062102
485 2483.636902062102
486 2483.636902062102
487 2483.636902062102
488 2483.636902062102
489 2483.636902062102
490 2483.636902062102
491 2483.636902062102
492 2483.636902062102
493 2483.636902062102
494 2483.636902062102
495 2483.636902062102
496 2483.636902062102
497 2483.636902062102
498 2483.636902062102
499 2483.636902062102
500 2497.8294736651283
501 2497.8294736651283
502 2497.8294736651283
503 2497.8294736651283
504 2497.8294736651283
505 2497.8294736651283
506 2497.8294736651283
507 2497.8294736651283
508 2497.8294736651283
509 2497.8294736651283
510 2497.8294736651283
511 2497.8294736651283
