size = 
5 3 3 0 4 
fitness = 
761.6333411910765
layer nr. 1
0.00000000  0.00000000  0.00000000  
0.26556802  -0.09411071  0.00000000  
0.18372754  0.00000000  0.00000000  
0.00000000  -0.06458634  0.00000000  
0.00000000  0.00000000  0.00000000  
0.00000000  0.00000000  0.00000000  
layer nr. 2
-1.94629788  0.00000000  0.00000000  
-0.69131925  0.29895407  0.00000000  
0.00000000  0.00000000  0.00000000  
0.00000000  0.12691603  0.00000000  
0.00000000  -0.31970412  0.00000000  
0.00000000  0.78526839  0.00000000  
0.47956378  0.00000000  0.00000000  
0.00000000  0.00000000  0.00000000  
0.00000000  0.00000000  0.00000000  
layer nr. 3
no neurons 
layer nr. 4
0.00000000  0.00000000  0.00000000  1.42432017  
-1.89690072  0.00000000  -0.96569550  -0.24918223  
0.00000000  0.87932193  0.00000000  0.00000000  
-0.03044681  0.00000000  0.00000000  -0.66894648  
0.00000000  0.32992471  0.00884682  0.00000000  
0.00000000  -2.83017732  0.05133184  0.96005302  
2.26815377  0.00000000  0.00000000  0.00000000  
0.01241979  0.00000000  -1.27637394  0.12709889  
0.00000000  0.00000000  0.00000000  0.00000000  
0.11307555  0.00000000  0.00000000  0.98649317  
0.00088427  0.00000000  0.00000000  0.00000000  
0.00000000  0.00000000  0.00000000  0.17444580  


