size = 
5 2 5 3 4 
fitness = 
475.3264509513201
layer nr. 1
-1.04676807  0.00000000  
-0.15171311  0.00000000  
-0.12142702  0.00000000  
-2.05509881  0.00000000  
0.00000000  0.56851053  
0.00000000  0.00000000  
layer nr. 2
0.00000000  0.00000000  0.00000000  0.00000000  0.00000000  
0.00000000  0.00000000  0.00000000  0.00000000  0.00000000  
0.00000000  0.00000000  0.00000000  0.00000000  0.00000000  
0.00000000  -0.13935830  0.00000000  0.00000000  0.00000000  
-0.60748633  0.00000000  0.00000000  0.00000000  0.00000000  
0.00000000  0.00000000  0.00000000  0.00000000  -1.06276512  
0.11746426  1.32443643  0.00000000  0.00000000  0.00000000  
0.00000000  0.23609325  0.00000000  0.00000000  0.00000000  
layer nr. 3
-0.18584658  0.00000000  0.00000000  
-0.22930066  0.00000000  0.00000000  
-0.05138816  0.00000000  0.00000000  
0.00000000  0.00000000  -0.98547438  
0.00000000  0.00000000  -0.26284207  
1.08935617  0.00000000  0.00000000  
-1.23745540  0.00000000  0.00000000  
0.00000000  0.00000000  0.00000000  
0.00000000  0.00000000  0.00000000  
0.19191108  0.00000000  0.00000000  
0.00000000  0.00000000  0.00000000  
0.00000000  0.00000000  0.00000000  
0.00000000  0.00000000  0.00000000  
layer nr. 4
-0.28476756  0.00000000  3.13044028  0.00000000  
-1.00018318  0.00000000  -2.48807256  -1.21431543  
-2.19081024  0.00000000  0.00000000  0.00000000  
0.00000000  0.00000000  0.00000000  -3.67202214  
-0.46515596  -0.52480982  -2.66966484  0.06333365  
2.49559006  0.00000000  1.21488970  0.57969260  
0.00000000  0.11971462  -0.18863530  0.00000000  
0.00000000  0.00000000  0.00000000  0.00000000  
0.00000000  0.00000000  -0.34290226  -0.55431018  
0.00000000  0.00000000  0.00000000  -0.04851234  
0.00000000  0.00000000  0.00000000  0.30954235  
0.00000000  0.00000000  0.00000000  0.23272197  
0.00000000  0.00000000  0.00000000  0.00000000  
-0.98317577  0.00000000  0.00000000  0.00000000  
0.00000000  0.00000000  0.12144193  0.00000000  
0.00000000  0.00000000  0.00000000  -0.05416010  
